3.0990
3.1003
3.1002
3.0993
3.1006
3.1023
3.1038
3.1044
3.1059
3.1053
3.1073
3.1075
3.1086
3.1101
3.1103
3.1104
3.1109
3.1112
3.1140
3.1127
3.1128
3.1162
3.1157
3.1165
3.1168
3.1189
3.1195
3.1186
3.1192
3.1187
3.1213
3.1222
3.1230
3.1232
3.1247
3.1251
3.1267
3.1273
3.1270
3.1283
3.1274
3.1265
3.1296
3.1301
3.1307
3.1323
3.1325
3.1329
3.1326
3.1343
3.1356
3.1354
3.1361
3.1361
3.1368
3.1376
3.1390
3.1381
3.1387
3.1387
3.1387
3.1402
3.1405
3.1408
3.1442
3.1439
3.1436
3.1449
3.1447
3.1444
3.1466
3.1459
3.1487
3.1489
3.1491
3.1485
3.1491
3.1503
3.1492
3.1516
3.1527
3.1518
3.1530
3.1535
3.1545
3.1550
3.1546
3.1552
3.1558
3.1553
3.1570
3.1592
3.1571
3.1594
3.1593
3.1598
3.1613
3.1605
3.1605
3.1623
3.1629
3.1604
3.1631
3.1636
3.1634
3.1646
3.1655
3.1662
3.1662
3.1662
3.1669
3.1686
3.1677
3.1684
3.1698
3.1698
3.1704
3.1716
3.1713
3.1710
3.1720
3.1721
3.1733
3.1744
3.1743
3.1747
3.1747
3.1752
3.1763
3.1767
3.1768
3.1773
3.1773
3.1778
3.1796
3.1772
3.1790
3.1803
3.1805
3.1811
3.1802
3.1815
3.1808
3.1829
3.1829
3.1825
3.1842
3.1844
3.1862
3.1852
3.1857
3.1865
3.1868
3.1874
3.1886
3.1897
3.1888
3.1904
3.1886
3.1885
3.1901
3.1910
3.1915
3.1923
3.1917
3.1911
3.1931
3.1937
3.1945
3.1920
3.1938
3.1954
3.1957
3.1970
3.1970
3.1969
3.1964
3.1961
3.1981
3.1991
3.1987
3.1969
3.1995
3.2005
3.2002
3.1992
3.2017
3.2028
3.2018
3.2015
3.2018
3.2019
3.2038
3.2039
3.2042
3.2038
3.2042
3.2047
3.2053
3.2053
3.2069
3.2073
3.2073
3.2075
3.2087
3.2083
3.2085
3.2098
3.2101
3.2097
3.2111
3.2109
3.2106
3.2103
3.2124
3.2120
3.2142
3.2157
3.2131
3.2139
3.2137
3.2146
3.2156
3.2149
3.2159
3.2172
3.2176
3.2173
3.2172
3.2175
3.2171
3.2190
3.2184
3.2188
3.2191
3.2189
3.2195
3.2201
3.2211
3.2209
3.2222
3.2214
3.2219
3.2225
3.2226
3.2236
3.2249
3.2246
3.2244
3.2250
3.2250
3.2249
3.2249
3.2263
3.2266
3.2272
3.2267
3.2272
3.2274
3.2287
3.2289
3.2291
3.2290
3.2297
3.2288
3.2308
3.2297
3.2308
3.2314
3.2303
3.2324
3.2316
3.2321
3.2317
3.2319
3.2321
3.2324
3.2337
3.2346
3.2332
3.2335
3.2362
3.2345
3.2358
3.2356
3.2358
3.2369
3.2364
3.2372
3.2382
3.2375
3.2388
3.2378
3.2383
3.2385
3.2392
3.2396
3.2405
3.2400
3.2398
3.2420
3.2402
3.2419
3.2400
3.2414
3.2418
3.2423
3.2434
3.2421
3.2442
3.2431
3.2439
3.2433
3.2455
3.2446
3.2442
3.2457
3.2465
3.2466
3.2460
3.2457
3.2468
3.2476
3.2465
3.2479
3.2452
3.2479
3.2494
3.2496
3.2494
3.2505
3.2491
3.2485
3.2500
3.2502
3.2501
3.2517
3.2517
3.2512
3.2512
3.2515
3.2534
3.2531
3.2538
3.2532
3.2528
3.2530
3.2541
3.2549
3.2542
3.2539
3.2548
3.2555
3.2564
3.2567
3.2547
3.2560
3.2565
3.2571
3.2575
3.2562
3.2593
3.2579
3.2582
3.2584
3.2591
3.2588
3.2588
3.2595
3.2593
3.2585
3.2612
3.2592
3.2603
3.2612
3.2618
3.2628
3.2620
3.2616
3.2637
3.2635
3.2637
3.2622
3.2635
3.2643
3.2637
3.2647
3.2652
3.2649
3.2648
3.2642
3.2664
3.2670
3.2639
3.2657
3.2666
3.2666
3.2672
3.2660
3.2684
3.2661
3.2687
3.2680
3.2683
3.2692
3.2689
3.2688
3.2702
3.2674
3.2709
3.2696
3.2723
3.2696
3.2719
3.2708
3.2707
3.2729
3.2711
3.2715
3.2718
3.2726
3.2730
3.2739
3.2740
3.2730
3.2729
3.2729
3.2737
3.2747
3.2751
3.2726
3.2742
3.2754
3.2744
3.2755
3.2751
3.2759
3.2754
3.2768
3.2760
3.2771
3.2764
3.2775
3.2771
3.2790
3.2778
3.2798
3.2776
3.2790
3.2784
3.2786
3.2809
3.2801
3.2798
3.2801
3.2802
3.2811
3.2803
3.2815
3.2819
3.2810
3.2818
3.2832
3.2825
3.2817
3.2806
3.2827
3.2834
3.2823
3.2830
3.2831
3.2841
3.2835
3.2839
3.2845
3.2849
3.2841
3.2844
3.2856
3.2854
3.2848
3.2863
3.2860
3.2864
3.2868
3.2864
3.2884
3.2870
3.2879
3.2893
3.2861
3.2864
3.2861
3.2865
3.2884
3.2878
3.2889
3.2888
3.2884
3.2897
3.2897
3.2912
3.2904
3.2914
3.2901
3.2909
3.2909
3.2921
3.2906
3.2911
3.2923
3.2912
3.2914
3.2937
3.2925
3.2938
3.2934
3.2941
3.2928
3.2933
3.2945
3.2940
3.2947
3.2944
3.2951
3.2956
3.2951
3.2953
3.2956
3.2956
3.2955
3.2972
3.2967
3.2957
3.2958
3.2971
3.2979
3.2973
3.2970
3.2983
3.2970
3.2961
3.2980
3.2979
3.2992
3.2997
3.2984
3.2992
3.2993
3.2984
3.2984
3.3006
3.3012
3.2996
3.3000
3.3002
3.3000
3.3018
3.3013
3.3011
3.3014
3.3020
3.3018
3.3022
3.3022
3.3034
3.3021
3.3028
3.3027
3.3041
3.3031
3.3012
3.3039
3.3035
3.3033
3.3040
3.3045
3.3020
3.3043
3.3047
3.3045
3.3055
3.3050
3.3048
3.3043
3.3060
3.3064
3.3065
3.3074
3.3060
3.3078
3.3064
3.3067
3.3067
3.3077
3.3080
3.3082
3.3085
3.3075
3.3082
3.3086
3.3084
3.3088
3.3079
3.3098
3.3094
3.3089
3.3096
3.3103
3.3100
3.3100
3.3101
3.3101
3.3104
3.3120
3.3116
3.3116
3.3120
3.3127
3.3122
3.3119
3.3123
3.3116
3.3128
3.3126
3.3128
3.3131
3.3125
3.3123
3.3134
3.3131
3.3140
3.3134
3.3149
3.3145
3.3133
3.3138
3.3142
3.3147
3.3149
3.3155
3.3157
3.3150
3.3147
3.3155
3.3173
3.3159
3.3160
3.3165
3.3164
3.3149
3.3168
3.3169
3.3168
3.3186
3.3181
3.3169
3.3178
3.3174
3.3180
3.3185
3.3186
3.3178
3.3190
3.3196
3.3190
3.3195
3.3206
3.3197
3.3191
3.3201
3.3204
3.3190
3.3213
3.3195
3.3210
3.3214
3.3201
3.3193
3.3210
3.3214
3.3218
3.3224
3.3209
3.3216
3.3227
3.3226
3.3218
3.3217
3.3220
3.3226
3.3233
3.3231
3.3224
3.3226
3.3248
3.3238
3.3241
3.3236
3.3245
3.3249
3.3240
3.3246
3.3253
3.3249
3.3243
3.3250
3.3258
3.3250
3.3259
3.3246
3.3254
3.3260
3.3221
3.3268
3.3260
3.3270
3.3252
3.3264
3.3261
3.3271
3.3264
3.3285
3.3254
3.3266
3.3271
3.3284
3.3276
3.3268
3.3286
3.3290
3.3298
3.3281
3.3269
3.3287
3.3293
3.3295
3.3285
3.3298
3.3307
3.3304
3.3285
3.3300
3.3286
3.3304
3.3307
3.3309
3.3312
3.3308
3.3308
3.3297
3.3308
3.3302
3.3327
3.3328
3.3295
3.3320
3.3321
3.3309
3.3327
3.3312
3.3320
3.3327
3.3343
3.3321
3.3346
3.3343
3.3349
3.3321
3.3344
3.3336
3.3345
3.3343
3.3322
3.3354
3.3342
3.3347
3.3351
3.3349
3.3355
3.3350
3.3357
3.3346
3.3354
3.3361
3.3367
3.3356
3.3351
3.3368
3.3359
3.3374
3.3378
3.3363
3.3371
3.3362
3.3372
3.3382
3.3371
3.3359
3.3370
3.3380
3.3386
3.3396
3.3388
3.3384
3.3384
3.3367
3.3387
3.3386
3.3386
3.3391
3.3401
3.3393
3.3399
3.3390
3.3391
3.3403
3.3396
3.3403
3.3381
3.3405
3.3405
3.3402
3.3397
3.3408
3.3405
3.3416
3.3415
3.3394
3.3419
3.3412
3.3409
3.3424
3.3411
3.3427
3.3405
3.3435
3.3419
3.3428
3.3432
3.3437
3.3429
3.3439
3.3438
3.3432
3.3433
3.3415
3.3430
3.3421
3.3447
3.3430
3.3445
3.3440
3.3435
3.3453
3.3440
3.3442
3.3434
3.3432
3.3456
3.3436
3.3444
3.3460
3.3462
3.3446
3.3442
3.3456
3.3469
3.3448
3.3469
3.3461
3.3457
3.3458
3.3482
3.3466
3.3469
3.3475
3.3478
3.3461
3.3477
3.3466
3.3475
3.3476
3.3454
3.3487
3.3488
3.3477
3.3482
3.3483
3.3467
3.3476
3.3483
3.3480
3.3491
3.3498
3.3483
3.3495
3.3499
3.3499
3.3501
3.3498
3.3493
3.3499
3.3474
3.3495
3.3488
3.3492
3.3498
3.3490
3.3505
3.3494
3.3499
3.3511
3.3508
3.3509
3.3498
3.3511
3.3504
3.3506
3.3515
3.3511
3.3500
3.3519
3.3529
3.3516
3.3524
3.3520
3.3528
3.3527
3.3509
3.3526
3.3517
3.3532
3.3527
3.3527
3.3537
3.3536
3.3526
3.3539
3.3534
3.3541
3.3536
3.3546
3.3551
3.3529
3.3539
3.3541
3.3537
3.3542
3.3554
3.3540
3.3541
3.3546
3.3546
3.3537
3.3563
3.3550
3.3555
3.3547
3.3559
3.3556
3.3541
3.3566
3.3559
3.3573
3.3548
3.3568
3.3563
3.3555
3.3569
3.3564
3.3571
3.3573
3.3569
3.3580
3.3572
3.3577
3.3583
3.3574
3.3576
3.3579
3.3583
3.3581
3.3581
3.3576
3.3552
3.3568
3.3588
3.3591
3.3595
3.3566
3.3587
3.3596
3.3588
3.3593
3.3598
3.3592
3.3589
3.3580
3.3599
3.3601
3.3595
3.3603
3.3606
3.3599
3.3615
3.3600
3.3610
3.3606
3.3616
3.3614
3.3592
3.3608
3.3613
3.3613
3.3620
3.3619
3.3626
3.3625
3.3614
3.3616
3.3625
3.3610
3.3615
3.3617
3.3609
3.3624
3.3631
3.3624
3.3628
3.3628
3.3617
3.3626
3.3626
3.3626
3.3641
3.3635
3.3645
3.3641
3.3649
3.3644
3.3640
3.3632
3.3640
3.3645
3.3632
3.3641
3.3631
3.3646
3.3639
3.3657
3.3645
3.3647
3.3647
3.3655
3.3655
3.3639
3.3635
3.3648
3.3660
3.3653
3.3644
3.3654
3.3668
3.3658
3.3663
3.3657
3.3658
3.3666
3.3668
3.3637
3.3671
3.3676
3.3672
3.3653
3.3662
3.3669
3.3667
3.3674
3.3678
3.3668
3.3670
3.3684
3.3679
3.3657
3.3676
3.3660
3.3682
3.3679
3.3683
3.3683
3.3686
3.3673
3.3681
3.3670
3.3677
3.3685
3.3702
3.3679
3.3690
3.3695
3.3698
3.3691
3.3678
3.3691
3.3692
3.3687
3.3703
3.3687
3.3704
3.3700
3.3691
3.3695
3.3697
3.3693
3.3709
3.3709
3.3709
3.3711
3.3706
3.3709
3.3700
3.3699
3.3716
3.3720
3.3708
3.3707
3.3716
3.3710
3.3720
3.3716
3.3703
3.3705
3.3720
3.3709
3.3697
3.3706
3.3717
3.3730
3.3710
3.3724
3.3721
3.3730
3.3731
3.3726
3.3732
3.3732
3.3720
3.3738
3.3729
3.3721
3.3729
3.3727
3.3728
3.3739
3.3729
3.3738
3.3734
3.3730
3.3728
3.3720
3.3742
3.3738
3.3746
3.3743
3.3731
3.3744
3.3741
3.3744
3.3742
3.3724
3.3753
3.3752
3.3747
3.3749
3.3738
3.3755
3.3754
3.3762
3.3762
3.3751
3.3767
3.3754
3.3752
3.3746
3.3763
3.3758
3.3749
3.3749
3.3752
3.3740
3.3749
3.3743
3.3767
3.3772
3.3764
3.3763
3.3776
3.3765
3.3766
3.3778
3.3771
3.3760
3.3774
3.3779
3.3757
3.3770
3.3766
3.3781
3.3782
3.3771
3.3780
3.3779
3.3768
3.3771
3.3785
3.3784
3.3785
3.3776
3.3776
3.3772
3.3782
3.3778
3.3762
3.3779
3.3779
3.3792
3.3787
3.3784
3.3797
3.3792
3.3786
3.3797
3.3787
3.3795
3.3795
3.3795
3.3797
3.3793
3.3802
3.3791
3.3788
3.3798
3.3812
3.3806
3.3796
3.3809
3.3802
3.3813
3.3804
3.3807
3.3821
3.3809
3.3809
3.3817
3.3823
3.3808
3.3818
3.3804
3.3803
3.3804
3.3813
3.3821
3.3821
3.3829
3.3825
3.3809
3.3802
3.3816
3.3821
3.3816
3.3815
3.3820
3.3819
3.3815
3.3815
3.3822
3.3832
3.3826
3.3837
3.3821
3.3817
3.3817
3.3831
3.3833
3.3832
3.3827
3.3818
3.3832
3.3834
3.3832
3.3829
3.3839
3.3839
3.3841
3.3844
3.3843
3.3846
3.3838
3.3848
3.3845
3.3858
3.3821
3.3858
3.3844
3.3853
3.3839
3.3850
3.3836
3.3839
3.3853
3.3850
3.3849
3.3852
3.3861
3.3855
3.3846
3.3834
3.3850
3.3849
3.3843
3.3862
3.3853
3.3853
3.3871
3.3863
3.3871
3.3861
3.3855
3.3867
3.3856
3.3855
3.3852
3.3848
3.3860
3.3863
3.3870
3.3866
3.3850
3.3880
3.3886
3.3876
3.3873
3.3874
3.3861
3.3866
3.3874
3.3861
3.3870
3.3877
3.3872
3.3877
3.3876
3.3872
3.3871
3.3886
3.3889
3.3864
3.3891
3.3864
3.3872
3.3883
3.3887
3.3880
3.3889
3.3889
3.3892
3.3883
3.3888
3.3883
3.3884
3.3886
3.3893
3.3878
3.3891
3.3885
3.3903
3.3900
3.3868
3.3896
3.3887
3.3898
3.3888
3.3879
3.3898
3.3885
3.3889
3.3891
3.3904
3.3896
3.3873
3.3900
3.3900
3.3897
3.3905
3.3896
3.3892
3.3911
3.3897
3.3900
3.3911
3.3917
3.3911
3.3915
3.3900
3.3910
3.3910
3.3903
3.3910
3.3893
3.3904
3.3908
3.3907
3.3910
3.3914
3.3919
3.3912
3.3922
3.3914
3.3923
3.3933
3.3908
3.3913
3.3931
3.3916
3.3907
3.3902
3.3919
3.3914
3.3930
3.3924
3.3928
3.3917
3.3936
3.3929
3.3931
3.3926
3.3922
3.3945
3.3942
3.3935
3.3927
3.3913
3.3926
3.3933
3.3933
3.3934
3.3932
3.3928
3.3934
3.3935
3.3960
3.3934
3.3938
3.3945
3.3937
3.3944
3.3935
3.3928
3.3948
3.3945
3.3949
3.3953
3.3946
3.3943
3.3922
3.3952
3.3938
3.3959
3.3944
3.3949
3.3941
3.3956
3.3956
3.3950
3.3953
3.3959
3.3948
3.3941
3.3958
3.3958
3.3953
3.3950
3.3949
3.3948
3.3960
3.3953
3.3951
3.3967
3.3971
3.3961
3.3969
3.3970
3.3968
3.3931
3.3962
3.3952
3.3976
3.3973
3.3963
3.3956
3.3959
3.3964
3.3957
3.3962
3.3971
3.3953
3.3969
3.3953
3.3965
3.3970
3.3969
3.3978
3.3976
3.3975
3.3984
3.3972
3.3977
3.3969
3.3951
3.3978
3.3975
3.3984
3.3968
3.3975
3.3978
3.3983
3.3980
3.3971
3.3985
3.3982
3.3978
3.3982
3.3983
3.3979
3.3986
3.3986
3.3992
3.3986
3.3989
3.3981
3.3987
3.3998
3.3989
3.3998
3.4005
3.3997
3.3986
3.3988
3.3989
3.3995
3.3992
3.3980
3.3975
3.4011
3.3998
3.3989
3.3989
3.4000
3.3977
3.3996
3.3997
3.3986
3.3997
3.4000
3.4005
3.4005
3.4006
3.4005
3.4012
3.3986
3.4016
3.3998
3.4004
3.3990
3.3994
3.3980
3.3997
3.4005
3.4016
3.4004
3.4012
3.3992
3.4005
3.4009
3.4006
3.4002
3.4001
3.4007
3.4008
3.4014
3.4010
3.4022
3.4019
3.4014
3.4001
3.4003
3.4021
3.4013
3.4013
3.4011
3.4018
3.4016
3.4018
3.4018
3.4014
3.4024
3.4022
3.4018
3.4019
3.4026
3.4018
3.4028
3.4021
3.4018
3.4023
3.4019
3.4029
3.4017
3.4034
3.4037
3.4030
3.4030
3.4014
3.4030
3.4023
3.4039
3.4036
3.4030
3.4020
3.4030
3.4032
3.4025
3.4028
3.4032
3.4030
3.4036
3.4025
3.4047
3.4033
3.4024
3.4034
3.4027
3.4029
3.4023
3.4044
3.4031
3.4043
3.4041
3.4044
3.4040
3.4039
3.4030
3.4039
3.4047
3.4043
3.4047
3.4041
3.4052
3.4042
3.4048
3.4045
3.4046
3.4029
3.4045
3.4047
3.4052
3.4058
3.4058
3.4047
3.4055
3.4059
3.4056
3.4048
3.4038
3.4053
3.4041
3.4041
3.4047
3.4051
3.4068
3.4037
3.4053
3.4050
3.4062
3.4059
3.4048
3.4050
3.4044
3.4062
3.4045
3.4053
3.4045
3.4061
3.4060
3.4059
3.4057
3.4065
3.4061
3.4059
3.4050
3.4046
3.4043
3.4058
3.4059
3.4065
3.4048
3.4063
3.4073
3.4055
3.4059
3.4073
3.4068
3.4056
3.4057
3.4066
3.4068
3.4069
3.4077
3.4060
3.4068
3.4073
3.4078
3.4055
3.4060
3.4075
3.4054
3.4074
3.4071
3.4072
3.4043
3.4075
3.4066
3.4067
3.4086
3.4078
3.4046
3.4063
3.4068
3.4079
3.4074
3.4069
3.4078
3.4081
3.4081
3.4086
3.4085
3.4073
3.4076
3.4080
3.4082
3.4081
3.4084
3.4069
3.4071
3.4076
3.4092
3.4091
3.4095
3.4083
3.4068
3.4082
3.4078
3.4085
3.4086
3.4093
3.4074
3.4087
3.4090
3.4093
3.4093
3.4091
3.4086
3.4080
3.4094
3.4096
3.4071
3.4074
3.4098
3.4099
3.4091
3.4102
3.4089
3.4096
3.4106
3.4102
3.4083
3.4096
3.4091
3.4081
3.4100
3.4103
3.4110
3.4088
3.4110
3.4101
3.4100
3.4101
3.4103
3.4098
3.4105
3.4102
3.4110
3.4090
3.4112
3.4099
3.4081
3.4110
3.4097
3.4109
3.4090
3.4098
3.4105
3.4115
3.4108
3.4095
3.4087
3.4115
3.4111
3.4110
3.4112
3.4106
3.4119
3.4115
3.4108
3.4101
3.4108
3.4109
3.4122
3.4111
3.4106
3.4112
3.4100
3.4121
3.4118
3.4112
3.4104
3.4106
3.4107
3.4112
3.4113
3.4113
3.4114
3.4118
3.4108
3.4119
3.4111
3.4123
3.4120
3.4125
3.4129
3.4118
3.4120
3.4130
3.4133
3.4115
3.4123
3.4113
3.4119
3.4121
3.4115
3.4124
3.4120
3.4131
3.4124
3.4114
3.4117
3.4123
3.4125
3.4121
3.4133
3.4135
3.4120
3.4140
3.4129
3.4139
3.4136
3.4127
3.4101
3.4137
3.4132
3.4134
3.4121
3.4131
3.4140
3.4141
3.4141
3.4139
3.4136
3.4141
3.4135
3.4147
3.4127
3.4141
3.4125
3.4147
3.4134
3.4132
3.4127
3.4145
3.4136
3.4127
3.4134
3.4138
3.4145
3.4139
3.4124
3.4156
3.4152
3.4149
3.4151
3.4132
3.4148
3.4145
3.4144
3.4122
3.4151
3.4152
3.4140
3.4152
3.4158
3.4134
3.4155
3.4137
3.4134
3.4146
3.4151
3.4165
3.4155
3.4161
3.4164
3.4156
3.4154
3.4147
3.4139
3.4150
3.4160
3.4154
3.4165
3.4173
3.4145
3.4142
3.4160
3.4143
3.4160
3.4148
3.4153
3.4140
3.4157
3.4154
3.4164
3.4155
3.4160
3.4161
3.4138
3.4163
3.4159
3.4162
3.4154
3.4161
3.4161
3.4164
3.4161
3.4161
3.4169
3.4169
3.4166
3.4165
3.4160
3.4140
3.4153
3.4155
3.4168
3.4153
3.4155
3.4161
3.4167
3.4162
3.4160
3.4151
3.4183
3.4158
3.4165
3.4176
3.4171
3.4175
3.4172
3.4176
3.4160
3.4161
3.4161
3.4176
3.4174
3.4144
3.4190
3.4177
3.4184
3.4172
3.4180
3.4182
3.4175
3.4182
3.4169
3.4180
3.4172
3.4176
3.4171
3.4183
3.4185
3.4178
3.4165
3.4185
3.4177
3.4188
3.4172
3.4179
3.4180
3.4161
3.4180
3.4197
3.4146
3.4175
3.4166
3.4187
3.4184
3.4188
3.4167
3.4181
3.4194
3.4184
3.4186
3.4164
3.4179
3.4178
3.4182
3.4176
3.4186
3.4187
3.4181
3.4172
3.4158
3.4178
3.4184
3.4188
3.4198
3.4195
3.4188
3.4173
3.4175
3.4166
3.4199
3.4191
3.4196
3.4189
3.4175
3.4197
3.4180
3.4188
3.4188
3.4187
3.4184
3.4185
3.4167
3.4195
3.4192
3.4202
3.4192
3.4180
3.4199
3.4196
3.4198
3.4196
3.4198
3.4189
3.4211
3.4188
3.4192
3.4195
3.4204
3.4195
3.4199
3.4195
3.4202
3.4191
3.4198
3.4196
3.4208
3.4196
3.4213
3.4204
3.4206
3.4213
3.4189
3.4210
3.4208
3.4199
3.4205
3.4177
3.4198
3.4209
3.4204
3.4184
3.4213
3.4210
3.4204
3.4208
3.4200
3.4204
3.4207
3.4211
3.4211
3.4204
3.4200
3.4210
3.4202
3.4199
3.4208
3.4200
3.4210
3.4213
3.4211
3.4212
3.4189
3.4217
3.4200
3.4200
3.4218
3.4208
3.4196
3.4211
3.4213
3.4206
3.4210
3.4226
3.4211
3.4220
3.4215
3.4220
3.4214
3.4219
3.4214
3.4213
3.4207
3.4202
3.4227
3.4219
3.4213
3.4206
3.4229
3.4213
3.4221
3.4213
3.4215
3.4220
3.4217
3.4223
3.4234
3.4213
3.4227
3.4217
3.4220
3.4220
3.4216
3.4224
3.4221
3.4218
3.4220
3.4230
3.4230
3.4232
3.4230
3.4222
3.4215
3.4233
3.4212
3.4215
3.4230
3.4219
3.4236
3.4230
3.4236
3.4201
3.4217
3.4238
3.4235
3.4227
3.4241
3.4213
3.4228
3.4231
3.4230
3.4237
3.4228
3.4233
3.4235
3.4230
3.4238
3.4242
3.4221
3.4212
3.4234
3.4231
3.4234
3.4239
3.4234
3.4221
3.4227
3.4233
3.4240
3.4245
3.4232
3.4237
3.4233
3.4240
3.4246
3.4218
3.4251
3.4233
3.4218
3.4243
3.4235
3.4236
3.4224
3.4238
3.4235
3.4240
3.4246
3.4230
3.4240
3.4244
3.4235
3.4242
3.4250
3.4228
3.4240
3.4243
3.4237
3.4246
3.4248
3.4250
3.4240
3.4239
3.4248
3.4249
3.4263
3.4241
3.4243
3.4251
3.4244
3.4232
3.4241
3.4236
3.4238
3.4247
3.4243
3.4244
3.4235
3.4243
3.4250
3.4249
3.4261
3.4230
3.4254
3.4243
3.4244
3.4238
3.4250
3.4245
3.4253
3.4257
3.4249
3.4245
3.4241
3.4260
3.4249
3.4252
3.4255
3.4239
3.4259
3.4243
3.4241
3.4235
3.4268
3.4244
3.4252
3.4260
3.4241
3.4256
3.4254
3.4255
3.4253
3.4266
3.4263
3.4264
3.4252
3.4249
3.4251
3.4244
3.4259
3.4259
3.4249
3.4254
3.4252
3.4268
3.4241
3.4259
3.4268
3.4256
3.4262
3.4256
3.4248
3.4255
3.4266
3.4268
3.4266
3.4259
3.4265
3.4255
3.4247
3.4266
3.4251
3.4241
3.4257
3.4237
3.4269
3.4258
3.4255
3.4253
3.4253
3.4277
3.4275
3.4256
3.4246
3.4269
3.4255
3.4268
3.4274
3.4265
3.4274
3.4260
3.4268
3.4252
3.4268
3.4259
3.4265
3.4278
3.4266
3.4268
3.4255
3.4266
3.4272
3.4275
3.4272
3.4273
3.4265
3.4273
3.4266
3.4276
3.4276
3.4278
3.4267
3.4264
3.4261
3.4281
3.4257
3.4272
3.4278
3.4278
3.4274
3.4285
3.4282
3.4266
3.4282
3.4275
3.4273
3.4281
3.4290
3.4272
3.4263
3.4287
3.4271
3.4277
3.4259
3.4283
3.4268
3.4274
3.4278
3.4274
3.4279
3.4289
3.4278
3.4278
3.4282
3.4267
3.4283
3.4268
3.4275
3.4275
3.4267
3.4282
3.4260
3.4292
3.4275
3.4286
3.4267
3.4284
3.4290
3.4284
3.4246
3.4282
3.4282
3.4286
3.4291
3.4278
3.4284
3.4268
3.4294
3.4274
3.4273
3.4261
3.4284
3.4275
3.4273
3.4287
3.4287
3.4284
3.4279
3.4297
3.4292
3.4288
3.4282
3.4290
3.4283
3.4292
3.4301
3.4281
3.4281
3.4294
3.4281
3.4289
3.4297
3.4289
3.4304
3.4288
3.4297
3.4294
3.4299
3.4294
3.4302
3.4293
3.4288
3.4286
3.4296
3.4276
3.4275
3.4292
3.4284
3.4299
3.4296
3.4303
3.4294
3.4296
3.4295
3.4297
3.4301
3.4298
3.4289
3.4280
3.4301
3.4288
3.4285
3.4304
3.4285
3.4288
3.4299
3.4281
3.4299
3.4305
3.4303
3.4298
3.4301
3.4278
3.4307
3.4296
3.4298
3.4300
3.4291
3.4293
3.4305
3.4308
3.4304
3.4301
3.4302
3.4291
3.4305
3.4290
3.4303
3.4292
3.4290
3.4298
3.4304
3.4292
3.4276
3.4304
3.4295
3.4307
3.4308
3.4309
3.4304
3.4299
3.4289
3.4305
3.4294
3.4308
3.4308
3.4311
3.4310
3.4298
3.4297
3.4297
3.4305
3.4313
3.4288
3.4305
3.4305
3.4306
3.4313
3.4300
3.4311
3.4302
3.4308
3.4303
3.4305
3.4307
3.4299
3.4308
3.4320
3.4278
3.4305
3.4317
3.4313
3.4312
3.4302
3.4297
3.4311
3.4309
3.4307
3.4302
3.4320
3.4313
3.4317
3.4313
3.4291
3.4316
3.4322
3.4312
3.4303
3.4297
3.4314
3.4313
3.4306
3.4319
3.4297
3.4307
3.4322
3.4323
3.4303
3.4317
3.4312
3.4313
3.4321
3.4306
3.4320
3.4320
3.4324
3.4319
3.4302
3.4313
3.4304
3.4317
3.4297
3.4314
3.4324
3.4312
3.4317
3.4310
3.4306
3.4315
3.4304
3.4315
3.4319
3.4319
3.4325
3.4314
3.4310
3.4300
3.4318
3.4318
3.4318
3.4323
3.4321
3.4317
3.4315
3.4312
3.4327
3.4329
3.4325
3.4316
3.4303
3.4317
3.4326
3.4318
3.4319
3.4327
3.4320
3.4328
3.4314
3.4324
3.4327
3.4321
3.4325
3.4319
3.4314
3.4338
3.4315
3.4332
3.4328
3.4317
3.4303
3.4330
3.4328
3.4325
3.4330
3.4333
3.4324
3.4331
3.4311
3.4311
3.4325
3.4323
3.4325
3.4329
3.4310
3.4330
3.4325
3.4312
3.4321
3.4328
3.4331
3.4309
3.4303
3.4308
3.4340
3.4325
3.4336
3.4326
3.4325
3.4305
3.4321
3.4317
3.4327
3.4339
3.4327
3.4332
3.4328
3.4316
3.4319
3.4335
3.4328
3.4330
3.4328
3.4323
3.4329
3.4342
3.4331
3.4319
3.4327
3.4344
3.4322
3.4332
3.4320
3.4330
3.4333
3.4331
3.4337
3.4330
3.4336
3.4327
3.4328
3.4327
3.4345
3.4335
3.4340
3.4319
3.4352
3.4345
3.4325
3.4334
3.4339
3.4326
3.4338
3.4338
3.4338
3.4333
3.4335
3.4328
3.4328
3.4336
3.4338
3.4327
3.4320
3.4333
3.4341
3.4343
3.4341
3.4332
3.4341
3.4328
3.4333
3.4331
3.4336
3.4328
3.4333
3.4342
3.4335
3.4342
3.4336
3.4333
3.4340
3.4337
3.4352
3.4333
3.4326
3.4346
3.4332
3.4348
3.4342
3.4344
3.4339
3.4336
3.4338
3.4343
3.4329
3.4317
3.4344
3.4352
3.4349
3.4335
3.4339
3.4350
3.4339
3.4345
3.4351
3.4347
3.4351
3.4336
3.4345
3.4345
3.4348
3.4328
3.4342
3.4338
3.4340
3.4322
3.4344
3.4342
3.4344
3.4346
3.4346
3.4340
3.4353
3.4347
3.4339
3.4327
3.4343
3.4355
3.4343
3.4341
3.4346
3.4350
3.4343
3.4348
3.4346
3.4335
3.4342
3.4333
3.4350
3.4339
3.4317
3.4350
3.4343
3.4345
3.4343
3.4344
3.4351
3.4339
3.4355
3.4349
3.4350
3.4346
3.4351
3.4344
3.4355
3.4343
3.4345
3.4343
3.4348
3.4346
3.4358
3.4346
3.4355
3.4362
3.4350
3.4348
3.4341
3.4355
3.4357
3.4350
3.4350
3.4349
3.4335
3.4338
3.4360
3.4352
3.4331
3.4331
3.4363
3.4359
3.4334
3.4341
3.4338
3.4350
3.4349
3.4356
3.4345
3.4356
3.4347
3.4358
3.4345
3.4352
3.4356
3.4342
3.4362
3.4355
3.4350
3.4354
3.4362
3.4356
3.4350
3.4360
3.4357
3.4367
3.4356
3.4349
3.4334
3.4349
3.4359
3.4357
3.4348
3.4361
3.4359
3.4356
3.4356
3.4344
3.4349
3.4353
3.4358
3.4369
3.4357
3.4335
3.4349
3.4353
3.4347
3.4369
3.4342
3.4366
3.4354
3.4356
3.4363
3.4341
3.4356
3.4358
3.4359
3.4355
3.4365
3.4352
3.4352
3.4363
3.4352
3.4364
3.4347
3.4348
3.4341
3.4360
3.4370
3.4367
3.4356
3.4372
3.4360
3.4339
3.4361
3.4348
3.4350
3.4353
3.4379
3.4359
3.4369
3.4364
3.4361
3.4363
3.4352
3.4377
3.4363
3.4375
3.4351
3.4363
3.4372
3.4367
3.4367
3.4359
3.4355
3.4359
3.4359
3.4355
3.4359
3.4373
3.4352
3.4352
3.4361
3.4359
3.4369
3.4372
3.4377
3.4368
3.4351
3.4366
3.4355
3.4370
3.4371
3.4380
3.4361
3.4361
3.4364
3.4371
3.4368
3.4371
3.4372
3.4381
3.4361
3.4372
3.4357
3.4360
3.4365
3.4373
3.4363
3.4377
3.4361
3.4370
3.4364
3.4366
3.4381
3.4368
3.4364
3.4377
3.4361
3.4379
3.4371
3.4373
3.4381
3.4361
3.4374
3.4366
3.4383
3.4383
3.4363
3.4371
3.4367
3.4374
3.4373
3.4370
3.4378
3.4367
3.4359
3.4375
3.4351
3.4370
3.4369
3.4366
3.4385
3.4356
3.4374
3.4385
3.4355
3.4361
3.4341
3.4374
3.4375
3.4349
3.4365
3.4385
3.4388
3.4370
3.4362
3.4380
3.4380
3.4378
3.4373
3.4376
3.4374
3.4366
3.4374
3.4372
3.4374
3.4385
3.4378
3.4363
3.4366
3.4382
3.4390
3.4378
3.4359
3.4380
3.4366
3.4380
3.4376
3.4383
3.4372
3.4394
3.4378
3.4374
3.4375
3.4382
3.4374
3.4388
3.4381
3.4390
3.4375
3.4366
3.4361
3.4383
3.4377
3.4389
3.4388
3.4378
3.4370
3.4392
3.4379
3.4383
3.4352
3.4382
3.4379
3.4387
3.4383
3.4387
3.4366
3.4387
3.4387
3.4383
3.4381
3.4386
3.4381
3.4381
3.4382
3.4391
3.4384
3.4383
3.4382
3.4361
3.4379
3.4384
3.4384
3.4382
3.4379
3.4378
3.4384
3.4388
3.4382
3.4384
3.4372
3.4386
3.4386
3.4397
3.4390
3.4390
3.4384
3.4372
3.4388
3.4373
3.4387
3.4393
3.4384
3.4392
3.4373
3.4387
3.4390
3.4392
3.4386
3.4388
3.4393
3.4383
3.4381
3.4398
3.4390
3.4384
3.4389
3.4385
3.4388
3.4385
3.4387
3.4397
3.4400
3.4380
3.4403
3.4394
3.4373
3.4404
3.4392
3.4376
3.4392
3.4388
3.4402
3.4387
3.4392
3.4394
3.4393
3.4391
3.4393
3.4383
3.4400
3.4384
3.4384
3.4408
3.4387
3.4389
3.4372
3.4402
3.4397
3.4388
3.4395
3.4386
3.4384
3.4394
3.4393
3.4382
3.4401
3.4401
3.4404
3.4399
3.4394
3.4391
3.4387
3.4380
3.4394
3.4388
3.4383
3.4389
3.4394
3.4394
3.4392
3.4406
3.4408
3.4407
3.4391
3.4395
3.4391
3.4396
3.4402
3.4403
3.4405
3.4391
3.4408
3.4395
3.4405
3.4401
3.4395
3.4396
3.4392
3.4406
3.4405
3.4398
3.4404
3.4397
3.4395
3.4395
3.4380
3.4392
3.4389
3.4400
3.4402
3.4397
3.4399
3.4401
3.4395
3.4394
3.4406
3.4393
3.4393
3.4387
3.4403
3.4402
3.4408
3.4403
3.4408
3.4395
3.4395
3.4383
3.4401
3.4391
3.4387
3.4390
3.4391
3.4397
3.4390
3.4386
3.4402
3.4397
3.4393
3.4405
3.4393
3.4406
3.4400
3.4403
3.4394
3.4386
3.4411
3.4390
3.4401
3.4409
3.4382
3.4401
3.4398
3.4403
3.4398
3.4396
3.4394
3.4407
3.4404
3.4400
3.4392
3.4397
3.4392
3.4407
3.4394
3.4411
3.4406
3.4397
3.4405
3.4408
3.4392
3.4408
3.4404
3.4412
3.4402
3.4406
3.4397
3.4378
3.4389
3.4407
3.4402
3.4393
3.4411
3.4415
3.4409
3.4393
3.4404
3.4408
3.4399
3.4404
3.4411
3.4385
3.4415
3.4404
3.4409
3.4402
3.4406
3.4408
3.4403
3.4403
3.4396
3.4421
3.4404
3.4409
3.4423
3.4399
3.4410
3.4426
3.4375
3.4405
3.4402
3.4411
3.4404
3.4393
3.4393
3.4420
3.4403
3.4408
3.4404
3.4404
3.4391
3.4417
3.4398
3.4407
3.4399
3.4403
3.4413
3.4414
3.4412
3.4402
3.4408
3.4424
3.4410
3.4406
3.4411
3.4388
3.4404
3.4402
3.4399
3.4418
3.4391
3.4405
3.4404
3.4404
3.4416
3.4410
3.4413
3.4397
3.4399
3.4408
3.4415
3.4409
3.4412
3.4408
3.4400
3.4410
3.4392
3.4409
3.4405
3.4407
3.4423
3.4412
3.4413
3.4420
3.4406
3.4427
3.4414
3.4397
3.4418
3.4416
3.4400
3.4421
3.4405
3.4400
3.4420
3.4400
3.4416
3.4412
3.4407
3.4412
3.4403
3.4403
3.4404
3.4405
3.4414
3.4416
3.4406
3.4411
3.4416
3.4415
3.4410
3.4399
3.4414
3.4411
3.4415
3.4416
3.4412
3.4419
3.4414
3.4411
3.4418
3.4415
3.4414
3.4413
3.4415
3.4417
3.4415
3.4418
3.4412
3.4409
3.4411
3.4409
3.4401
3.4416
3.4406
3.4399
3.4426
3.4429
3.4428
3.4415
3.4411
3.4411
3.4417
3.4419
3.4426
3.4421
3.4399
3.4416
3.4417
3.4415
3.4422
3.4414
3.4406
3.4418
3.4408
3.4422
3.4432
3.4416
3.4430
3.4417
3.4411
3.4410
3.4431
3.4429
3.4415
3.4406
3.4423
3.4422
3.4413
3.4418
3.4428
3.4425
3.4419
3.4419
3.4412
3.4427
3.4409
3.4418
3.4430
3.4420
3.4426
3.4424
3.4431
3.4415
3.4413
3.4422
3.4418
3.4426
3.4408
3.4424
3.4431
3.4425
3.4423
3.4418
3.4419
3.4431
3.4425
3.4419
3.4429
3.4422
3.4429
3.4426
3.4421
3.4439
3.4428
3.4409
3.4420
3.4427
3.4417
3.4426
3.4419
3.4424
3.4422
3.4380
3.4427
3.4421
3.4421
3.4417
3.4426
3.4422
3.4424
3.4424
3.4419
3.4427
3.4428
3.4429
3.4422
3.4430
3.4412
3.4431
3.4433
3.4423
3.4414
3.4423
3.4431
3.4421
3.4409
3.4424
3.4424
3.4424
3.4426
3.4427
3.4428
3.4419
3.4422
3.4426
3.4430
3.4421
3.4422
3.4411
3.4432
3.4435
3.4431
3.4417
3.4443
3.4430
3.4428
3.4436
3.4423
3.4401
3.4428
3.4422
3.4436
3.4429
3.4434
3.4431
3.4425
3.4418
3.4415
3.4430
3.4421
3.4426
3.4437
3.4420
3.4420
3.4424
3.4422
3.4424
3.4431
3.4423
3.4430
3.4428
3.4420
3.4441
3.4426
3.4434
3.4425
3.4433
3.4427
3.4437
3.4421
3.4421
3.4432
3.4425
3.4427
3.4422
3.4422
3.4428
3.4425
3.4429
3.4437
3.4423
3.4419
3.4431
3.4440
3.4422
3.4427
3.4405
3.4442
3.4425
3.4422
3.4430
3.4433
3.4423
3.4426
3.4441
3.4431
3.4434
3.4437
3.4431
3.4426
3.4429
3.4432
3.4433
3.4437
3.4432
3.4435
3.4429
3.4432
3.4430
3.4428
3.4428
3.4434
3.4435
3.4431
3.4435
3.4425
3.4440
3.4441
3.4429
3.4430
3.4438
3.4427
3.4428
3.4427
3.4437
3.4425
3.4436
3.4427
3.4442
3.4436
3.4437
3.4431
3.4433
3.4432
3.4433
3.4434
3.4436
3.4428
3.4424
3.4439
3.4442
3.4443
3.4438
3.4437
3.4438
3.4424
3.4433
3.4427
3.4425
3.4439
3.4419
3.4442
3.4438
3.4437
3.4428
3.4423
3.4429
3.4448
3.4437
3.4435
3.4443
3.4427
3.4429
3.4429
3.4430
3.4447
3.4431
3.4440
3.4441
3.4447
3.4450
3.4426
3.4442
3.4447
3.4442
3.4443
3.4442
3.4445
3.4438
3.4426
3.4453
3.4443
3.4439
3.4436
3.4439
3.4444
3.4418
3.4422
3.4435
3.4428
3.4441
3.4436
3.4419
3.4436
3.4434
3.4442
3.4442
3.4450
3.4438
3.4433
3.4447
3.4443
3.4435
3.4445
3.4436
3.4433
3.4445
3.4424
3.4434
3.4435
3.4458
3.4434
3.4445
3.4428
3.4447
3.4433
3.4440
3.4438
3.4434
3.4452
3.4441
3.4442
3.4436
3.4450
3.4430
3.4415
3.4428
3.4438
3.4444
3.4447
3.4438
3.4437
3.4420
3.4457
3.4444
3.4438
3.4431
3.4443
3.4443
3.4445
3.4453
3.4442
3.4455
3.4439
3.4440
3.4453
3.4439
3.4425
3.4450
3.4430
3.4435
3.4438
3.4445
3.4442
3.4434
3.4441
3.4444
3.4432
3.4436
3.4447
3.4438
3.4436
3.4448
3.4444
3.4442
3.4443
3.4425
3.4446
3.4444
3.4447
3.4430
3.4433
3.4437
3.4422
3.4420
3.4434
3.4440
3.4433
3.4450
3.4444
3.4451
3.4456
3.4445
3.4436
3.4450
3.4447
3.4452
3.4437
3.4447
3.4440
3.4439
3.4447
3.4423
3.4448
3.4450
3.4445
3.4448
3.4451
3.4428
3.4456
3.4451
3.4443
3.4454
3.4449
3.4450
3.4437
3.4442
3.4454
3.4441
3.4448
3.4440
3.4443
3.4438
3.4448
3.4450
3.4456
3.4446
3.4450
3.4442
3.4449
3.4460
3.4450
3.4447
3.4453
3.4445
3.4454
3.4456
3.4453
3.4450
3.4439
3.4456
3.4443
3.4435
3.4437
3.4449
3.4450
3.4436
3.4455
3.4443
3.4424
3.4442
3.4441
3.4445
3.4456
3.4448
3.4442
3.4436
3.4451
3.4449
3.4441
3.4438
3.4451
3.4447
3.4453
3.4459
3.4443
3.4447
3.4446
3.4453
3.4445
3.4443
3.4458
3.4452
3.4452
3.4439
3.4453
3.4439
3.4436
3.4444
3.4456
3.4441
3.4447
3.4462
3.4462
3.4418
3.4450
3.4445
3.4447
3.4453
3.4459
3.4444
3.4459
3.4453
3.4446
3.4452
3.4467
3.4453
3.4459
3.4444
3.4468
3.4442
3.4455
3.4451
3.4442
3.4431
3.4446
3.4455
3.4449
3.4450
3.4443
3.4462
3.4453
3.4459
3.4464
3.4456
3.4446
3.4456
3.4456
3.4453
3.4459
3.4441
3.4462
3.4456
3.4446
3.4460
3.4464
3.4457
3.4456
3.4458
3.4437
3.4464
3.4456
3.4454
3.4439
3.4470
3.4452
3.4451
3.4445
3.4457
3.4449
3.4464
3.4455
3.4447
3.4445
3.4438
3.4470
3.4452
3.4449
3.4455
3.4443
3.4468
3.4451
3.4462
3.4469
3.4445
3.4453
3.4458
3.4457
3.4458
3.4454
3.4453
3.4462
3.4446
3.4455
3.4459
3.4461
3.4465
3.4451
3.4458
3.4456
3.4455
3.4462
3.4460
3.4464
3.4464
3.4454
3.4438
3.4463
3.4451
3.4466
3.4465
3.4463
3.4445
3.4462
3.4458
3.4462
3.4452
3.4454
3.4456
3.4463
3.4453
3.4437
3.4453
3.4461
3.4465
3.4460
3.4473
3.4458
3.4464
3.4461
3.4458
3.4454
3.4459
3.4468
3.4458
3.4452
3.4458
3.4467
3.4456
3.4464
3.4456
3.4458
3.4460
3.4460
3.4465
3.4470
3.4470
3.4453
3.4466
3.4460
3.4452
3.4468
3.4462
3.4467
3.4458
3.4463
3.4464
3.4457
3.4455
3.4461
3.4469
3.4469
3.4465
3.4461
3.4454
3.4443
3.4463
3.4462
3.4473
3.4445
3.4472
3.4460
3.4457
3.4454
3.4466
3.4462
3.4464
3.4471
3.4465
3.4458
3.4454
3.4476
3.4463
3.4470
3.4459
3.4464
3.4470
3.4460
3.4477
3.4454
3.4463
3.4468
3.4456
3.4457
3.4464
3.4459
3.4475
3.4477
3.4455
3.4462
3.4460
3.4462
3.4462
3.4454
3.4458
3.4459
3.4460
3.4469
3.4456
3.4453
3.4471
3.4465
3.4475
3.4474
3.4465
3.4466
3.4464
3.4459
3.4453
3.4462
3.4454
3.4472
3.4464
3.4464
3.4458
3.4474
3.4461
3.4457
3.4463
3.4461
3.4471
3.4471
3.4471
3.4471
3.4462
3.4469
3.4466
3.4467
3.4464
3.4470
3.4462
3.4471
3.4472
3.4466
3.4469
3.4455
3.4478
3.4458
3.4456
3.4466
3.4474
3.4439
3.4469
3.4476
3.4457
3.4468
3.4468
3.4446
3.4474
3.4460
3.4472
3.4469
3.4459
3.4453
3.4460
3.4465
3.4476
3.4471
3.4458
3.4474
3.4466
3.4470
3.4461
3.4476
3.4470
3.4473
3.4457
3.4470
3.4458
3.4468
3.4463
3.4439
3.4459
3.4474
3.4462
3.4471
3.4463
3.4476
3.4476
3.4471
3.4466
3.4450
3.4469
3.4460
3.4462
3.4453
3.4471
3.4474
3.4480
3.4480
3.4450
3.4465
3.4467
3.4471
3.4463
3.4460
3.4473
3.4471
3.4468
3.4463
3.4467
3.4472
3.4463
3.4464
3.4439
3.4473
3.4467
3.4474
3.4474
3.4474
3.4473
3.4469
3.4470
3.4471
3.4480
3.4482
3.4463
3.4478
3.4466
3.4467
3.4468
3.4479
3.4482
3.4475
3.4472
3.4472
3.4477
3.4475
3.4472
3.4476
3.4468
3.4453
3.4456
3.4460
3.4471
3.4464
3.4475
3.4474
3.4475
3.4469
3.4489
3.4470
3.4464
3.4464
3.4476
3.4464
3.4460
3.4476
3.4468
3.4471
3.4477
3.4468
3.4468
3.4468
3.4465
3.4473
3.4458
3.4468
3.4465
3.4473
3.4468
3.4470
3.4461
3.4459
3.4478
3.4464
3.4464
3.4476
3.4478
3.4477
3.4468
3.4462
3.4470
3.4468
3.4467
3.4484
3.4468
3.4483
3.4461
3.4483
3.4469
3.4472
3.4465
3.4477
3.4471
3.4479
3.4480
3.4471
3.4462
3.4453
3.4469
3.4458
3.4463
3.4484
3.4471
3.4457
3.4475
3.4473
3.4480
3.4474
3.4461
3.4455
3.4477
3.4478
3.4471
3.4476
3.4459
3.4481
3.4460
3.4471
3.4475
3.4464
3.4467
3.4484
3.4467
3.4473
3.4480
3.4465
3.4476
3.4473
3.4485
3.4474
3.4466
3.4472
3.4464
3.4489
3.4481
3.4477
3.4473
3.4476
3.4470
3.4479
3.4473
3.4470
3.4475
3.4481
3.4482
3.4468
3.4468
3.4484
3.4471
3.4479
3.4478
3.4476
3.4482
3.4489
3.4483
3.4486
3.4487
3.4489
3.4489
3.4467
3.4482
3.4461
3.4475
3.4481
3.4472
3.4484
3.4465
3.4485
3.4466
3.4462
3.4475
3.4478
3.4475
3.4483
3.4461
3.4471
3.4474
3.4479
3.4480
3.4488
3.4485
3.4483
3.4483
3.4478
3.4480
3.4481
3.4478
3.4464
3.4480
3.4471
3.4464
3.4475
3.4464
3.4483
3.4485
3.4481
3.4475
3.4467
3.4482
3.4466
3.4477
3.4480
3.4486
3.4494
3.4483
3.4485
3.4490
3.4495
3.4478
3.4448
3.4489
3.4475
3.4477
3.4483
3.4487
3.4487
3.4472
3.4479
3.4482
3.4484
3.4481
3.4491
3.4481
3.4482
3.4464
3.4485
3.4492
3.4475
3.4480
3.4469
3.4474
3.4490
3.4465
3.4479
3.4481
3.4481
3.4474
3.4461
3.4490
3.4481
3.4461
3.4480
3.4467
3.4479
3.4484
3.4485
3.4478
3.4468
3.4476
3.4494
3.4481
3.4478
3.4481
3.4483
3.4481
3.4484
3.4491
3.4480
3.4484
3.4475
3.4468
3.4479
3.4473
3.4490
3.4454
3.4492
3.4473
3.4477
3.4466
3.4491
3.4483
3.4484
3.4487
3.4485
3.4476
3.4484
3.4493
3.4487
3.4476
3.4475
3.4488
3.4492
3.4484
3.4486
3.4478
3.4477
3.4486
3.4480
3.4491
3.4494
3.4499
3.4482
3.4482
3.4471
3.4489
3.4478
3.4477
3.4486
3.4486
3.4451
3.4487
3.4470
3.4480
3.4484
3.4489
3.4480
3.4472
3.4483
3.4476
3.4485
3.4499
3.4484
3.4478
3.4492
3.4496
3.4488
3.4487
3.4493
3.4473
3.4477
3.4497
3.4485
3.4487
3.4482
3.4476
3.4483
3.4489
3.4487
3.4485
3.4491
3.4489
3.4487
3.4493
3.4483
3.4479
3.4480
3.4478
3.4489
3.4484
3.4499
3.4477
3.4480
3.4474
3.4483
3.4493
3.4487
3.4480
3.4490
3.4489
3.4501
3.4486
3.4483
3.4487
3.4492
3.4497
3.4468
3.4484
3.4490
3.4494
3.4480
3.4492
3.4473
3.4461
3.4492
3.4485
3.4487
3.4491
3.4499
3.4494
3.4492
3.4487
3.4496
3.4489
3.4492
3.4460
3.4493
3.4492
3.4483
3.4489
3.4494
3.4477
3.4480
3.4466
3.4484
3.4493
3.4477
3.4468
3.4484
3.4487
3.4480
3.4459
3.4476
3.4497
3.4500
3.4480
3.4483
3.4494
3.4501
3.4476
3.4485
3.4488
3.4480
3.4491
3.4489
3.4481
3.4489
3.4492
3.4489
3.4490
3.4481
3.4490
3.4482
3.4493
3.4464
3.4492
3.4480
3.4494
3.4495
3.4495
3.4488
3.4487
3.4496
3.4506
3.4493
3.4485
3.4484
3.4498
3.4478
3.4490
3.4475
3.4495
3.4483
3.4483
3.4479
3.4484
3.4482
3.4496
3.4494
3.4492
3.4481
3.4490
3.4478
3.4489
3.4495
3.4480
3.4493
3.4482
3.4504
3.4498
3.4504
3.4499
3.4491
3.4494
3.4482
3.4494
3.4502
3.4496
3.4484
3.4496
3.4482
3.4491
3.4480
3.4486
3.4495
3.4495
3.4482
3.4490
3.4496
3.4503
3.4491
3.4492
3.4468
3.4483
3.4492
3.4496
3.4499
3.4497
3.4495
3.4481
3.4489
3.4478
3.4495
3.4491
3.4497
3.4483
3.4475
3.4478
3.4489
3.4469
3.4493
3.4487
3.4492
3.4487
3.4501
3.4496
3.4495
3.4493
3.4491
3.4486
3.4491
3.4486
3.4485
3.4487
3.4493
3.4500
3.4485
3.4480
3.4486
3.4500
3.4495
3.4482
3.4486
3.4492
3.4488
3.4493
3.4488
3.4494
3.4495
3.4479
3.4479
3.4473
3.4489
3.4490
3.4470
3.4499
3.4487
3.4494
3.4479
3.4499
3.4494
3.4487
3.4497
3.4476
3.4492
3.4492
3.4492
3.4475
3.4491
3.4497
3.4490
3.4504
3.4494
3.4484
3.4497
3.4487
3.4492
3.4480
3.4496
3.4475
3.4505
3.4476
3.4491
3.4502
3.4489
3.4499
3.4485
3.4480
3.4496
3.4482
3.4497
3.4485
3.4478
3.4491
3.4504
3.4494
3.4488
3.4485
3.4500
3.4489
3.4495
3.4485
3.4495
3.4493
3.4497
3.4502
3.4495
3.4502
3.4488
3.4493
3.4505
3.4487
3.4499
3.4497
3.4499
3.4498
3.4486
3.4499
3.4506
3.4482
3.4505
3.4494
3.4497
3.4498
3.4479
3.4487
3.4495
3.4500
3.4488
3.4500
3.4504
3.4497
3.4495
3.4488
3.4489
3.4494
3.4498
3.4500
3.4488
3.4496
3.4492
3.4504
3.4494
3.4493
3.4496
3.4501
3.4486
3.4499
3.4499
3.4489
3.4509
3.4503
3.4496
3.4491
3.4505
3.4490
3.4500
3.4499
3.4501
3.4491
3.4501
3.4483
3.4465
3.4503
3.4473
3.4502
3.4495
3.4487
3.4504
3.4469
3.4499
3.4504
3.4506
3.4495
3.4487
3.4505
3.4504
3.4492
3.4496
3.4502
3.4486
3.4490
3.4490
3.4482
3.4495
3.4490
3.4495
3.4491
3.4494
3.4484
3.4493
3.4493
3.4492
3.4491
3.4486
3.4497
3.4476
3.4495
3.4492
3.4487
3.4499
3.4489
3.4506
3.4491
3.4506
3.4496
3.4512
3.4499
3.4479
3.4495
3.4504
3.4489
3.4486
3.4478
3.4492
3.4503
3.4494
3.4487
3.4508
3.4492
3.4500
3.4498
3.4497
3.4501
3.4500
3.4498
3.4506
3.4507
3.4514
3.4480
3.4492
3.4506
3.4502
3.4495
3.4480
3.4470
3.4501
3.4502
3.4500
3.4510
3.4498
3.4486
3.4498
3.4504
3.4495
3.4501
3.4498
3.4500
3.4492
3.4497
3.4506
3.4494
3.4488
3.4493
3.4494
3.4487
3.4500
3.4491
3.4501
3.4492
3.4486
3.4501
3.4492
3.4493
3.4502
3.4487
3.4500
3.4493
3.4497
3.4491
3.4499
3.4490
3.4476
3.4512
3.4501
3.4499
3.4496
3.4506
3.4493
3.4492
3.4501
3.4509
3.4499
3.4496
3.4475
3.4508
3.4504
3.4497
3.4491
3.4486
3.4494
3.4499
3.4505
3.4496
3.4506
3.4506
3.4485
3.4490
3.4505
3.4491
3.4502
3.4492
3.4505
3.4500
3.4504
3.4486
3.4496
3.4506
3.4495
3.4502
3.4488
3.4493
3.4512
3.4495
3.4501
3.4507
3.4493
3.4492
3.4504
3.4493
3.4496
3.4487
3.4473
3.4506
3.4486
3.4500
3.4495
3.4494
3.4487
3.4501
3.4513
3.4495
3.4499
3.4495
3.4500
3.4499
3.4496
3.4499
3.4504
3.4497
3.4501
3.4489
3.4509
3.4492
3.4508
3.4501
3.4484
3.4498
3.4488
3.4490
3.4499
3.4502
3.4489
3.4496
3.4502
3.4500
3.4499
3.4508
3.4498
3.4501
3.4497
3.4484
3.4509
3.4496
3.4504
3.4503
3.4501
3.4494
3.4517
3.4501
3.4493
3.4509
3.4493
3.4506
3.4492
3.4495
3.4496
3.4513
3.4509
3.4495
3.4482
3.4496
3.4497
3.4507
3.4499
3.4487
3.4515
3.4515
3.4498
3.4504
3.4504
3.4495
3.4497
3.4503
3.4508
3.4499
3.4499
3.4495
3.4498
3.4500
3.4496
3.4494
3.4500
3.4497
3.4491
3.4506
3.4500
3.4499
3.4513
3.4499
3.4513
3.4492
3.4495
3.4503
3.4503
3.4497
3.4494
3.4494
3.4497
3.4512
3.4496
3.4503
3.4492
3.4506
3.4510
3.4499
3.4505
3.4479
3.4496
3.4507
3.4485
3.4490
3.4506
3.4485
3.4511
3.4496
3.4506
3.4504
3.4510
3.4497
3.4500
3.4509
3.4499
3.4510
3.4491
3.4497
3.4495
3.4508
3.4500
3.4498
3.4503
3.4506
3.4502
3.4492
3.4511
3.4493
3.4508
3.4504
3.4502
3.4503
3.4496
3.4514
3.4508
3.4501
3.4498
3.4485
3.4490
3.4499
3.4503
3.4500
3.4487
3.4510
3.4510
3.4505
3.4489
3.4506
3.4502
3.4494
3.4503
3.4505
3.4512
3.4495
3.4495
3.4512
3.4493
3.4501
3.4498
3.4502
3.4495
3.4509
3.4485
3.4487
3.4506
3.4490
3.4511
3.4502
3.4509
3.4514
3.4500
3.4508
3.4511
3.4495
3.4507
3.4498
3.4499
3.4512
3.4511
3.4502
3.4504
3.4503
3.4497
3.4505
3.4510
3.4500
3.4506
3.4507
3.4500
3.4486
3.4514
3.4506
3.4510
3.4487
3.4488
3.4507
3.4497
3.4496
3.4506
3.4506
3.4494
3.4507
3.4499
3.4515
3.4511
3.4502
3.4506
3.4515
3.4500
3.4496
3.4501
3.4501
3.4503
3.4504
3.4500
3.4506
3.4507
3.4493
3.4512
3.4509
3.4500
3.4510
3.4499
3.4493
3.4504
3.4496
3.4504
3.4503
3.4501
3.4508
3.4512
3.4512
3.4509
3.4509
3.4504
3.4495
3.4499
3.4511
3.4511
3.4506
3.4504
3.4515
3.4505
3.4486
3.4506
3.4508
3.4477
3.4499
3.4506
3.4508
3.4501
3.4500
3.4497
3.4498
3.4504
3.4514
3.4494
3.4508
3.4501
3.4494
3.4501
3.4523
3.4513
3.4496
3.4490
3.4505
3.4506
3.4511
3.4498
3.4503
3.4508
3.4512
3.4506
3.4495
3.4505
3.4497
3.4494
3.4521
3.4507
3.4504
3.4493
3.4506
3.4500
3.4495
3.4508
3.4505
3.4499
3.4499
3.4501
3.4504
3.4500
3.4496
3.4504
3.4488
3.4504
3.4509
3.4510
3.4517
3.4500
3.4506
3.4500
3.4503
3.4497
3.4518
3.4507
3.4480
3.4502
3.4494
3.4511
3.4516
3.4502
3.4505
3.4508
3.4500
3.4497
3.4503
3.4478
3.4508
3.4509
3.4501
3.4471
3.4491
3.4514
3.4507
3.4503
3.4503
3.4506
3.4485
3.4501
3.4510
3.4502
3.4505
3.4492
3.4493
3.4503
3.4503
3.4502
3.4504
3.4503
3.4496
3.4506
3.4486
3.4502
3.4503
3.4515
3.4482
3.4513
3.4501
3.4504
3.4503
3.4494
3.4507
3.4509
3.4501
3.4501
3.4493
3.4497
3.4514
3.4504
3.4505
3.4503
3.4496
3.4510
3.4503
3.4513
3.4503
3.4513
3.4498
3.4509
3.4505
3.4502
3.4515
3.4498
3.4503
3.4514
3.4520
3.4505
3.4503
3.4515
3.4503
3.4516
3.4501
3.4490
3.4506
3.4502
3.4501
3.4500
3.4502
3.4498
3.4502
3.4510
3.4502
3.4507
3.4516
3.4517
3.4492
3.4517
3.4496
3.4500
3.4508
3.4494
3.4497
3.4517
3.4486
3.4508
3.4512
3.4504
3.4501
3.4495
3.4503
3.4499
3.4502
3.4497
3.4507
3.4503
3.4514
3.4501
3.4508
3.4495
3.4506
3.4497
3.4507
3.4499
3.4500
3.4501
3.4508
3.4506
3.4498
3.4491
3.4493
3.4509
3.4495
3.4507
3.4507
3.4505
3.4497
3.4512
3.4500
3.4512
3.4521
3.4499
3.4501
3.4505
3.4501
3.4501
3.4494
3.4497
3.4510
3.4512
3.4509
3.4510
3.4507
3.4508
3.4500
3.4515
3.4492
3.4499
3.4494
3.4507
3.4501
3.4517
3.4503
3.4516
3.4491
3.4499
3.4488
3.4500
3.4493
3.4508
3.4499
3.4512
3.4494
3.4497
3.4502
3.4496
3.4501
3.4490
3.4493
3.4501
3.4501
3.4517
3.4506
3.4496
3.4496
3.4504
3.4512
3.4502
3.4517
3.4497
3.4508
3.4512
3.4496
3.4500
3.4501
3.4497
3.4504
3.4503
3.4499
3.4480
3.4510
3.4497
3.4505
3.4516
3.4508
3.4493
3.4511
3.4503
3.4512
3.4501
3.4507
3.4521
3.4498
3.4501
3.4511
3.4510
3.4515
3.4509
3.4507
3.4509
3.4504
3.4495
3.4499
3.4513
3.4485
3.4497
3.4500
3.4512
3.4505
3.4503
3.4506
3.4507
3.4505
3.4503
3.4518
3.4501
3.4508
3.4504
3.4508
3.4496
3.4511
3.4502
3.4499
3.4519
3.4514
3.4495
3.4511
3.4518
3.4507
3.4480
3.4508
3.4492
3.4511
3.4517
3.4498
3.4509
3.4493
3.4491
3.4502
3.4504
3.4501
3.4514
3.4512
3.4501
3.4499
3.4504
3.4502
3.4488
3.4496
3.4507
3.4506
3.4501
3.4528
3.4526
3.4494
3.4497
3.4519
3.4505
3.4491
3.4500
3.4507
3.4517
3.4502
3.4506
3.4506
3.4505
3.4513
3.4500
3.4502
3.4503
3.4504
3.4507
3.4510
3.4500
3.4517
3.4503
3.4491
3.4503
3.4496
3.4506
3.4500
3.4519
3.4520
3.4503
3.4488
3.4497
3.4513
3.4500
3.4500
3.4487
3.4498
3.4507
3.4509
3.4507
3.4500
3.4504
3.4505
3.4488
3.4519
3.4507
3.4517
3.4497
3.4508
3.4518
3.4498
3.4487
3.4500
3.4503
3.4498
3.4514
3.4507
3.4503
3.4512
3.4511
3.4506
3.4509
3.4507
3.4512
3.4510
3.4492
3.4523
3.4503
3.4509
3.4505
3.4515
3.4495
3.4519
3.4513
3.4500
3.4510
3.4510
3.4505
3.4505
3.4510
3.4516
3.4498
3.4491
3.4508
3.4504
3.4503
3.4515
3.4519
3.4501
3.4522
3.4509
3.4500
3.4504
3.4497
3.4494
3.4516
3.4500
3.4497
3.4505
3.4503
3.4506
3.4501
3.4509
3.4513
3.4508
3.4506
3.4504
3.4505
3.4513
3.4515
3.4502
3.4502
3.4517
3.4518
3.4514
3.4501
3.4513
3.4497
3.4515
3.4517
3.4517
3.4505
3.4508
3.4485
3.4492
3.4508
3.4499
3.4522
3.4509
3.4508
3.4505
3.4498
3.4511
3.4497
3.4506
3.4512
3.4498
3.4512
3.4497
3.4503
3.4502
3.4514
3.4502
3.4486
3.4515
3.4503
3.4504
3.4520
3.4503
3.4513
3.4511
3.4508
3.4521
3.4500
3.4508
3.4507
3.4510
3.4496
3.4512
3.4511
3.4491
3.4500
3.4502
3.4515
3.4475
3.4508
3.4497
3.4502
3.4513
3.4494
3.4489
3.4512
3.4507
3.4503
3.4506
3.4503
3.4498
3.4498
3.4509
3.4513
3.4492
3.4517
3.4502
3.4510
3.4512
3.4509
3.4514
3.4506
3.4520
3.4503
3.4509
3.4519
3.4511
3.4503
3.4515
3.4517
3.4497
3.4493
3.4513
3.4511
3.4507
3.4496
3.4519
3.4500
3.4512
3.4512
3.4511
3.4513
3.4501
3.4497
3.4501
3.4507
3.4495
3.4506
3.4513
3.4511
3.4517
3.4507
3.4513
3.4512
3.4514
3.4511
3.4509
3.4511
3.4515
3.4503
3.4513
3.4515
3.4509
3.4510
3.4490
3.4513
3.4527
3.4508
3.4513
3.4499
3.4507
3.4516
3.4514
3.4500
3.4500
3.4517
3.4484
3.4501
3.4497
3.4515
3.4499
3.4494
3.4501
3.4498
3.4511
3.4507
3.4500
3.4521
3.4514
3.4502
3.4504
3.4503
3.4514
3.4510
3.4504
3.4509
3.4508
3.4504
3.4510
3.4514
3.4505
3.4494
3.4517
3.4521
3.4506
3.4518
3.4509
3.4507
3.4511
3.4510
3.4495
3.4517
3.4520
3.4502
3.4508
3.4517
3.4505
3.4494
3.4506
3.4509
3.4512
3.4497
3.4512
3.4505
3.4514
3.4511
3.4499
3.4515
3.4517
3.4516
3.4506
3.4486
3.4510
3.4508
3.4510
3.4515
3.4506
3.4507
3.4516
3.4512
3.4507
3.4503
3.4516
3.4506
3.4506
3.4506
3.4513
3.4511
3.4492
3.4509
3.4511
3.4519
3.4519
3.4499
3.4517
3.4521
3.4506
3.4508
3.4511
3.4499
3.4493
3.4516
3.4494
3.4494
3.4519
3.4506
3.4514
3.4518
3.4505
3.4520
3.4517
3.4514
3.4491
3.4508
3.4510
3.4508
3.4506
3.4510
3.4507
3.4510
3.4513
3.4521
3.4504
3.4498
3.4496
3.4492
3.4516
3.4516
3.4487
3.4514
3.4495
3.4510
3.4509
3.4515
3.4509
3.4517
3.4511
3.4518
3.4495
3.4510
3.4503
3.4509
3.4509
3.4517
3.4506
3.4497
3.4501
3.4497
3.4507
3.4509
3.4496
3.4509
3.4519
3.4521
3.4508
3.4522
3.4509
3.4513
3.4515
3.4503
3.4503
3.4509
3.4502
3.4498
3.4500
3.4516
3.4509
3.4520
3.4517
3.4511
3.4499
3.4514
3.4508
3.4513
3.4517
3.4502
3.4507
3.4510
3.4509
3.4503
3.4515
3.4521
3.4523
3.4512
3.4529
3.4504
3.4518
3.4513
3.4505
3.4493
3.4492
3.4497
3.4520
3.4510
3.4507
3.4498
3.4518
3.4513
3.4510
3.4509
3.4513
3.4516
3.4500
3.4519
3.4529
3.4512
3.4503
3.4514
3.4516
3.4515
3.4502
3.4516
3.4519
3.4512
3.4495
3.4512
3.4504
3.4506
3.4496
3.4524
3.4518
3.4519
3.4503
3.4513
3.4501
3.4506
3.4527
3.4500
3.4485
3.4501
3.4509
3.4521
3.4509
3.4507
3.4518
3.4510
3.4497
3.4524
3.4513
3.4515
3.4518
3.4509
3.4505
3.4506
3.4513
3.4514
3.4507
3.4517
3.4510
3.4517
3.4498
3.4509
3.4515
3.4507
3.4517
3.4520
3.4510
3.4509
3.4502
3.4516
3.4512
3.4504
3.4496
3.4507
3.4515
3.4513
3.4501
3.4520
3.4507
3.4507
3.4516
3.4510
3.4521
