2.7772
2.7784
2.7784
2.7786
2.7789
2.7802
2.7800
2.7810
2.7808
2.7818
2.7833
2.7840
2.7851
2.7839
2.7845
2.7843
2.7864
2.7872
2.7867
2.7876
2.7882
2.7891
2.7895
2.7890
2.7901
2.7896
2.7904
2.7919
2.7930
2.7914
2.7912
2.7941
2.7931
2.7945
2.7938
2.7937
2.7945
2.7960
2.7959
2.7957
2.7964
2.7969
2.7978
2.7997
2.7990
2.7985
2.7975
2.8002
2.8003
2.8011
2.8014
2.8005
2.8013
2.8019
2.8017
2.8014
2.8031
2.8026
2.8039
2.8042
2.8054
2.8053
2.8046
2.8048
2.8056
2.8053
2.8076
2.8064
2.8059
2.8087
2.8058
2.8080
2.8087
2.8096
2.8100
2.8091
2.8092
2.8102
2.8109
2.8106
2.8110
2.8110
2.8125
2.8116
2.8125
2.8121
2.8120
2.8142
2.8139
2.8142
2.8143
2.8139
2.8158
2.8150
2.8156
2.8157
2.8158
2.8164
2.8167
2.8166
2.8175
2.8171
2.8182
2.8183
2.8182
2.8193
2.8185
2.8174
2.8195
2.8207
2.8200
2.8204
2.8206
2.8208
2.8206
2.8215
2.8219
2.8217
2.8226
2.8204
2.8223
2.8248
2.8232
2.8240
2.8238
2.8241
2.8234
2.8261
2.8245
2.8242
2.8246
2.8258
2.8248
2.8266
2.8271
2.8281
2.8271
2.8279
2.8274
2.8268
2.8282
2.8275
2.8277
2.8291
2.8289
2.8304
2.8302
2.8297
2.8300
2.8301
2.8307
2.8308
2.8316
2.8316
2.8315
2.8318
2.8322
2.8319
2.8327
2.8306
2.8335
2.8329
2.8337
2.8336
2.8337
2.8345
2.8343
2.8349
2.8352
2.8353
2.8337
2.8356
2.8341
2.8357
2.8373
2.8369
2.8376
2.8363
2.8355
2.8371
2.8361
2.8373
2.8389
2.8372
2.8392
2.8395
2.8394
2.8397
2.8395
2.8401
2.8408
2.8409
2.8401
2.8404
2.8407
2.8403
2.8406
2.8421
2.8415
2.8429
2.8414
2.8427
2.8417
2.8426
2.8432
2.8424
2.8432
2.8428
2.8436
2.8425
2.8443
2.8460
2.8445
2.8453
2.8448
2.8459
2.8445
2.8452
2.8459
2.8463
2.8458
2.8466
2.8465
2.8474
2.8468
2.8478
2.8476
2.8477
2.8468
2.8470
2.8477
2.8478
2.8478
2.8467
2.8501
2.8494
2.8495
2.8485
2.8498
2.8511
2.8494
2.8499
2.8484
2.8506
2.8504
2.8511
2.8517
2.8519
2.8517
2.8518
2.8517
2.8530
2.8527
2.8517
2.8534
2.8529
2.8528
2.8532
2.8533
2.8526
2.8521
2.8545
2.8543
2.8538
2.8559
2.8546
2.8541
2.8556
2.8542
2.8549
2.8555
2.8561
2.8556
2.8550
2.8554
2.8565
2.8571
2.8553
2.8570
2.8557
2.8567
2.8563
2.8566
2.8579
2.8571
2.8582
2.8580
2.8586
2.8581
2.8580
2.8582
2.8594
2.8580
2.8599
2.8592
2.8597
2.8592
2.8593
2.8605
2.8600
2.8601
2.8606
2.8598
2.8611
2.8601
2.8599
2.8610
2.8616
2.8612
2.8608
2.8627
2.8623
2.8616
2.8624
2.8622
2.8621
2.8627
2.8620
2.8631
2.8624
2.8627
2.8641
2.8632
2.8632
2.8632
2.8637
2.8621
2.8638
2.8654
2.8655
2.8648
2.8642
2.8658
2.8657
2.8637
2.8652
2.8661
2.8657
2.8663
2.8671
2.8655
2.8665
2.8671
2.8659
2.8663
2.8675
2.8677
2.8673
2.8673
2.8683
2.8667
2.8670
2.8675
2.8674
2.8687
2.8691
2.8675
2.8691
2.8686
2.8693
2.8682
2.8687
2.8696
2.8691
2.8682
2.8689
2.8703
2.8702
2.8697
2.8689
2.8707
2.8701
2.8695
2.8714
2.8709
2.8702
2.8704
2.8714
2.8713
2.8713
2.8716
2.8727
2.8700
2.8716
2.8726
2.8728
2.8722
2.8715
2.8724
2.8734
2.8727
2.8731
2.8740
2.8724
2.8730
2.8745
2.8728
2.8753
2.8741
2.8734
2.8736
2.8728
2.8750
2.8748
2.8740
2.8744
2.8741
2.8735
2.8743
2.8752
2.8762
2.8748
2.8762
2.8756
2.8755
2.8769
2.8761
2.8766
2.8768
2.8761
2.8767
2.8779
2.8765
2.8774
2.8786
2.8776
2.8768
2.8763
2.8762
2.8772
2.8779
2.8779
2.8776
2.8789
2.8771
2.8794
2.8775
2.8789
2.8799
2.8790
2.8778
2.8793
2.8786
2.8794
2.8800
2.8789
2.8795
2.8787
2.8791
2.8798
2.8798
2.8803
2.8805
2.8792
2.8796
2.8805
2.8808
2.8810
2.8817
2.8817
2.8815
2.8804
2.8806
2.8812
2.8813
2.8821
2.8817
2.8820
2.8821
2.8817
2.8826
2.8826
2.8827
2.8820
2.8824
2.8816
2.8826
2.8831
2.8820
2.8827
2.8815
2.8825
2.8847
2.8834
2.8837
2.8829
2.8840
2.8833
2.8836
2.8825
2.8850
2.8846
2.8843
2.8841
2.8849
2.8830
2.8847
2.8838
2.8852
2.8841
2.8862
2.8852
2.8854
2.8849
2.8844
2.8854
2.8857
2.8856
2.8859
2.8862
2.8864
2.8871
2.8860
2.8865
2.8876
2.8864
2.8863
2.8844
2.8867
2.8872
2.8877
2.8863
2.8873
2.8882
2.8874
2.8869
2.8883
2.8892
2.8890
2.8892
2.8884
2.8883
2.8878
2.8887
2.8887
2.8897
2.8882
2.8899
2.8886
2.8896
2.8881
2.8888
2.8886
2.8883
2.8892
2.8909
2.8900
2.8889
2.8898
2.8891
2.8905
2.8882
2.8882
2.8895
2.8902
2.8893
2.8900
2.8910
2.8904
2.8909
2.8912
2.8907
2.8907
2.8903
2.8903
2.8906
2.8917
2.8890
2.8918
2.8917
2.8923
2.8933
2.8918
2.8924
2.8934
2.8921
2.8903
2.8915
2.8923
2.8934
2.8913
2.8934
2.8917
2.8932
2.8931
2.8923
2.8935
2.8938
2.8937
2.8927
2.8929
2.8936
2.8944
2.8911
2.8941
2.8949
2.8947
2.8946
2.8944
2.8937
2.8940
2.8947
2.8938
2.8955
2.8950
2.8949
2.8959
2.8947
2.8949
2.8956
2.8944
2.8950
2.8942
2.8949
2.8955
2.8959
2.8956
2.8959
2.8960
2.8958
2.8958
2.8964
2.8947
2.8970
2.8973
2.8966
2.8957
2.8961
2.8980
2.8960
2.8956
2.8962
2.8977
2.8970
2.8961
2.8970
2.8956
2.8969
2.8968
2.8968
2.8970
2.8959
2.8972
2.8980
2.8967
2.8978
2.8961
2.8980
2.8993
2.8987
2.8970
2.8975
2.8970
2.8991
2.8986
2.8984
2.8998
2.8970
2.8991
2.8982
2.8996
2.9004
2.8999
2.8994
2.8980
2.8999
2.8988
2.8999
2.8990
2.9003
2.8988
2.8987
2.8989
2.9003
2.9003
2.8990
2.9003
2.8998
2.9000
2.9002
2.9005
2.9006
2.8996
2.9008
2.9005
2.9014
2.9007
2.8990
2.9002
2.9010
2.9003
2.9020
2.9013
2.9018
2.9013
2.9012
2.9005
2.9010
2.9003
2.9018
2.9016
2.9020
2.9010
2.9026
2.9015
2.9019
2.9011
2.9010
2.9024
2.9031
2.9006
2.9026
2.9029
2.9022
2.9034
2.9024
2.9031
2.9041
2.9028
2.9039
2.9050
2.9031
2.9021
2.9033
2.9042
2.9034
2.9044
2.9038
2.9020
2.9030
2.9044
2.9040
2.9033
2.9045
2.9050
2.9047
2.9034
2.9044
2.9030
2.9037
2.9052
2.9051
2.9048
2.9050
2.9034
2.9055
2.9059
2.9052
2.9045
2.9046
2.9054
2.9062
2.9058
2.9049
2.9059
2.9053
2.9045
2.9063
2.9069
2.9065
2.9058
2.9052
2.9063
2.9062
2.9056
2.9061
2.9064
2.9065
2.9065
2.9064
2.9060
2.9080
2.9067
2.9065
2.9059
2.9060
2.9066
2.9070
2.9063
2.9061
2.9068
2.9064
2.9069
2.9078
2.9077
2.9078
2.9069
2.9088
2.9068
2.9065
2.9060
2.9076
2.9087
2.9083
2.9072
2.9088
2.9087
2.9073
2.9081
2.9077
2.9085
2.9085
2.9086
2.9088
2.9081
2.9080
2.9080
2.9085
2.9094
2.9087
2.9094
2.9084
2.9087
2.9093
2.9089
2.9076
2.9090
2.9091
2.9085
2.9087
2.9091
2.9095
2.9100
2.9093
2.9084
2.9097
2.9101
2.9092
2.9089
2.9091
2.9100
2.9099
2.9106
2.9099
2.9105
2.9102
2.9107
2.9101
2.9113
2.9091
2.9104
2.9100
2.9085
2.9100
2.9103
2.9107
2.9108
2.9110
2.9110
2.9103
2.9103
2.9116
2.9110
2.9107
2.9110
2.9113
2.9112
2.9112
2.9105
2.9116
2.9116
2.9102
2.9113
2.9118
2.9117
2.9110
2.9114
2.9117
2.9126
2.9108
2.9106
2.9106
2.9135
2.9112
2.9121
2.9123
2.9126
2.9103
2.9126
2.9117
2.9118
2.9118
2.9127
2.9138
2.9136
2.9124
2.9129
2.9134
2.9138
2.9130
2.9142
2.9117
2.9129
2.9135
2.9117
2.9130
2.9139
2.9134
2.9126
2.9132
2.9126
2.9138
2.9133
2.9146
2.9139
2.9149
2.9136
2.9126
2.9140
2.9135
2.9123
2.9133
2.9133
2.9146
2.9139
2.9140
2.9141
2.9147
2.9149
2.9155
2.9146
2.9146
2.9156
2.9149
2.9147
2.9152
2.9142
2.9151
2.9150
2.9157
2.9158
2.9155
2.9153
2.9153
2.9152
2.9148
2.9149
2.9156
2.9138
2.9163
2.9162
2.9140
2.9142
2.9168
2.9149
2.9140
2.9156
2.9153
2.9158
2.9159
2.9165
2.9151
2.9162
2.9164
2.9159
2.9174
2.9156
2.9156
2.9157
2.9175
2.9162
2.9155
2.9169
2.9166
2.9175
2.9175
2.9166
2.9181
2.9167
2.9158
2.9170
2.9173
2.9149
2.9171
2.9173
2.9174
2.9168
2.9166
2.9170
2.9172
2.9168
2.9175
2.9188
2.9173
2.9180
2.9165
2.9173
2.9184
2.9175
2.9159
2.9166
2.9182
2.9178
2.9183
2.9179
2.9174
2.9177
2.9186
2.9182
2.9184
2.9189
2.9183
2.9188
2.9159
2.9188
2.9185
2.9166
2.9177
2.9172
2.9172
2.9181
2.9196
2.9172
2.9173
2.9197
2.9174
2.9174
2.9188
2.9189
2.9186
2.9174
2.9177
2.9199
2.9196
2.9182
2.9175
2.9189
2.9202
2.9189
2.9194
2.9195
2.9187
2.9189
2.9184
2.9209
2.9182
2.9214
2.9201
2.9203
2.9198
2.9190
2.9197
2.9197
2.9196
2.9207
2.9197
2.9200
2.9192
2.9202
2.9202
2.9197
2.9204
2.9188
2.9205
2.9200
2.9192
2.9198
2.9204
2.9199
2.9205
2.9198
2.9211
2.9191
2.9197
2.9212
2.9204
2.9209
2.9210
2.9215
2.9212
2.9192
2.9198
2.9211
2.9222
2.9202
2.9208
2.9224
2.9214
2.9213
2.9215
2.9202
2.9215
2.9212
2.9224
2.9221
2.9209
2.9212
2.9206
2.9205
2.9194
2.9215
2.9205
2.9226
2.9209
2.9196
2.9207
2.9229
2.9204
2.9206
2.9231
2.9211
2.9208
2.9219
2.9219
2.9232
2.9215
2.9217
2.9233
2.9235
2.9229
2.9224
2.9227
2.9217
2.9224
2.9219
2.9230
2.9221
2.9226
2.9229
2.9225
2.9220
2.9237
2.9224
2.9243
2.9237
2.9243
2.9227
2.9231
2.9243
2.9229
2.9231
2.9230
2.9216
2.9223
2.9237
2.9232
2.9233
2.9223
2.9240
2.9238
2.9231
2.9232
2.9237
2.9238
2.9236
2.9242
2.9240
2.9244
2.9224
2.9241
2.9245
2.9236
2.9230
2.9236
2.9247
2.9236
2.9240
2.9243
2.9247
2.9243
2.9239
2.9245
2.9242
2.9245
2.9244
2.9240
2.9243
2.9247
2.9244
2.9240
2.9239
2.9238
2.9243
2.9231
2.9235
2.9240
2.9245
2.9235
2.9230
2.9249
2.9244
2.9255
2.9256
2.9251
2.9250
2.9252
2.9245
2.9240
2.9249
2.9261
2.9258
2.9245
2.9255
2.9248
2.9254
2.9256
2.9256
2.9253
2.9256
2.9245
2.9254
2.9242
2.9262
2.9256
2.9254
2.9253
2.9253
2.9260
2.9255
2.9255
2.9257
2.9268
2.9262
2.9266
2.9250
2.9261
2.9255
2.9255
2.9266
2.9263
2.9252
2.9250
2.9249
2.9262
2.9256
2.9264
2.9265
2.9258
2.9270
2.9249
2.9251
2.9264
2.9257
2.9262
2.9263
2.9277
2.9269
2.9259
2.9276
2.9261
2.9255
2.9259
2.9263
2.9259
2.9260
2.9263
2.9271
2.9262
2.9254
2.9278
2.9269
2.9269
2.9265
2.9281
2.9266
2.9277
2.9254
2.9281
2.9271
2.9262
2.9273
2.9277
2.9279
2.9269
2.9260
2.9280
2.9264
2.9269
2.9272
2.9268
2.9276
2.9279
2.9273
2.9281
2.9276
2.9284
2.9283
2.9278
2.9288
2.9276
2.9271
2.9281
2.9282
2.9282
2.9274
2.9273
2.9285
2.9275
2.9287
2.9281
2.9268
2.9291
2.9278
2.9279
2.9279
2.9290
2.9292
2.9289
2.9287
2.9252
2.9286
2.9279
2.9288
2.9291
2.9289
2.9290
2.9300
2.9298
2.9283
2.9282
2.9289
2.9285
2.9285
2.9283
2.9291
2.9296
2.9279
2.9276
2.9295
2.9283
2.9288
2.9291
2.9292
2.9282
2.9280
2.9291
2.9281
2.9289
2.9300
2.9268
2.9290
2.9287
2.9298
2.9296
2.9309
2.9289
2.9303
2.9296
2.9285
2.9305
2.9292
2.9286
2.9291
2.9302
2.9297
2.9301
2.9309
2.9297
2.9306
2.9289
2.9295
2.9296
2.9303
2.9293
2.9294
2.9304
2.9292
2.9311
2.9292
2.9301
2.9294
2.9304
2.9301
2.9312
2.9302
2.9293
2.9297
2.9306
2.9300
2.9316
2.9314
2.9304
2.9299
2.9287
2.9318
2.9301
2.9303
2.9306
2.9305
2.9300
2.9311
2.9292
2.9306
2.9303
2.9317
2.9282
2.9307
2.9314
2.9311
2.9304
2.9311
2.9318
2.9313
2.9312
2.9303
2.9303
2.9300
2.9306
2.9293
2.9302
2.9316
2.9318
2.9302
2.9307
2.9311
2.9318
2.9321
2.9318
2.9319
2.9324
2.9317
2.9305
2.9312
2.9307
2.9320
2.9321
2.9290
2.9306
2.9315
2.9318
2.9309
2.9320
2.9308
2.9293
2.9331
2.9328
2.9315
2.9304
2.9310
2.9309
2.9305
2.9297
2.9326
2.9326
2.9315
2.9333
2.9307
2.9317
2.9316
2.9317
2.9334
2.9326
2.9322
2.9314
2.9326
2.9320
2.9330
2.9324
2.9322
2.9328
2.9302
2.9322
2.9320
2.9328
2.9315
2.9314
2.9331
2.9329
2.9307
2.9312
2.9318
2.9325
2.9312
2.9331
2.9317
2.9334
2.9330
2.9337
2.9324
2.9319
2.9323
2.9323
2.9330
2.9337
2.9320
2.9333
2.9331
2.9321
2.9319
2.9339
2.9325
2.9327
2.9333
2.9314
2.9323
2.9316
2.9325
2.9329
2.9322
2.9338
2.9323
2.9331
2.9332
2.9332
2.9325
2.9330
2.9327
2.9327
2.9329
2.9337
2.9333
2.9323
2.9331
2.9336
2.9333
2.9317
2.9325
2.9337
2.9350
2.9343
2.9348
2.9319
2.9343
2.9317
2.9333
2.9341
2.9335
2.9317
2.9334
2.9333
2.9335
2.9331
2.9335
2.9338
2.9329
2.9335
2.9331
2.9345
2.9342
2.9353
2.9340
2.9333
2.9319
2.9331
2.9331
2.9327
2.9336
2.9340
2.9344
2.9338
2.9337
2.9342
2.9352
2.9340
2.9349
2.9341
2.9339
2.9341
2.9341
2.9352
2.9352
2.9330
2.9335
2.9344
2.9339
2.9344
2.9350
2.9325
2.9347
2.9345
2.9342
2.9346
2.9345
2.9354
2.9350
2.9352
2.9347
2.9345
2.9334
2.9343
2.9342
2.9343
2.9342
2.9340
2.9357
2.9353
2.9345
2.9336
2.9350
2.9352
2.9348
2.9352
2.9352
2.9354
2.9355
2.9356
2.9347
2.9352
2.9346
2.9344
2.9353
2.9351
2.9356
2.9360
2.9352
2.9337
2.9350
2.9344
2.9351
2.9360
2.9368
2.9361
2.9360
2.9354
2.9360
2.9347
2.9342
2.9357
2.9359
2.9353
2.9345
2.9356
2.9359
2.9368
2.9362
2.9351
2.9364
2.9352
2.9363
2.9344
2.9364
2.9362
2.9356
2.9340
2.9340
2.9359
2.9344
2.9364
2.9367
2.9361
2.9360
2.9372
2.9350
2.9362
2.9355
2.9360
2.9362
2.9350
2.9349
2.9351
2.9359
2.9361
2.9357
2.9353
2.9354
2.9354
2.9365
2.9369
2.9365
2.9368
2.9370
2.9342
2.9369
2.9351
2.9361
2.9359
2.9361
2.9366
2.9354
2.9346
2.9364
2.9352
2.9361
2.9342
2.9375
2.9356
2.9357
2.9368
2.9367
2.9361
2.9348
2.9380
2.9366
2.9366
2.9363
2.9371
2.9380
2.9369
2.9364
2.9382
2.9363
2.9354
2.9356
2.9368
2.9354
2.9356
2.9360
2.9366
2.9376
2.9365
2.9371
2.9374
2.9362
2.9373
2.9357
2.9370
2.9372
2.9361
2.9360
2.9365
2.9358
2.9379
2.9378
2.9366
2.9379
2.9368
2.9373
2.9372
2.9374
2.9370
2.9372
2.9372
2.9373
2.9371
2.9362
2.9373
2.9378
2.9382
2.9379
2.9372
2.9362
2.9370
2.9376
2.9375
2.9379
2.9383
2.9370
2.9373
2.9376
2.9381
2.9378
2.9379
2.9383
2.9372
2.9374
2.9382
2.9379
2.9378
2.9379
2.9363
2.9372
2.9383
2.9381
2.9381
2.9375
2.9385
2.9375
2.9377
2.9380
2.9378
2.9367
2.9371
2.9376
2.9384
2.9374
2.9382
2.9387
2.9382
2.9377
2.9376
2.9376
2.9371
2.9377
2.9389
2.9370
2.9380
2.9372
2.9361
2.9376
2.9387
2.9375
2.9380
2.9384
2.9386
2.9374
2.9380
2.9378
2.9379
2.9375
2.9389
2.9375
2.9392
2.9381
2.9376
2.9391
2.9376
2.9388
2.9379
2.9380
2.9379
2.9385
2.9381
2.9386
2.9372
2.9384
2.9391
2.9393
2.9383
2.9387
2.9388
2.9365
2.9382
2.9386
2.9390
2.9391
2.9386
2.9370
2.9384
2.9378
2.9377
2.9386
2.9390
2.9388
2.9392
2.9395
2.9364
2.9380
2.9389
2.9385
2.9389
2.9391
2.9386
2.9373
2.9389
2.9379
2.9387
2.9377
2.9390
2.9404
2.9387
2.9386
2.9398
2.9371
2.9396
2.9380
2.9395
2.9394
2.9401
2.9387
2.9394
2.9400
2.9389
2.9388
2.9397
2.9394
2.9387
2.9379
2.9391
2.9393
2.9398
2.9381
2.9386
2.9389
2.9389
2.9391
2.9383
2.9384
2.9393
2.9391
2.9396
2.9400
2.9394
2.9388
2.9401
2.9396
2.9389
2.9390
2.9396
2.9408
2.9393
2.9393
2.9389
2.9376
2.9398
2.9392
2.9402
2.9400
2.9410
2.9396
2.9393
2.9389
2.9404
2.9380
2.9394
2.9403
2.9391
2.9394
2.9398
2.9400
2.9391
2.9399
2.9390
2.9394
2.9403
2.9401
2.9394
2.9393
2.9390
2.9395
2.9383
2.9405
2.9400
2.9402
2.9400
2.9411
2.9396
2.9396
2.9403
2.9411
2.9397
2.9405
2.9401
2.9410
2.9398
2.9400
2.9404
2.9401
2.9402
2.9395
2.9407
2.9389
2.9391
2.9392
2.9397
2.9402
2.9409
2.9395
2.9397
2.9394
2.9395
2.9412
2.9387
2.9389
2.9395
2.9404
2.9397
2.9396
2.9405
2.9398
2.9403
2.9387
2.9408
2.9411
2.9400
2.9400
2.9405
2.9412
2.9414
2.9407
2.9407
2.9416
2.9402
2.9406
2.9405
2.9408
2.9413
2.9414
2.9402
2.9413
2.9408
2.9412
2.9407
2.9407
2.9407
2.9400
2.9400
2.9407
2.9411
2.9419
2.9404
2.9407
2.9412
2.9410
2.9400
2.9407
2.9409
2.9389
2.9410
2.9413
2.9402
2.9407
2.9415
2.9420
2.9408
2.9396
2.9404
2.9390
2.9406
2.9419
2.9409
2.9400
2.9414
2.9402
2.9407
2.9426
2.9408
2.9402
2.9412
2.9395
2.9410
2.9406
2.9395
2.9414
2.9415
2.9418
2.9418
2.9398
2.9410
2.9414
2.9411
2.9411
2.9414
2.9420
2.9417
2.9410
2.9416
2.9399
2.9415
2.9422
2.9417
2.9399
2.9425
2.9400
2.9414
2.9417
2.9414
2.9414
2.9421
2.9421
2.9405
2.9417
2.9412
2.9417
2.9407
2.9418
2.9423
2.9422
2.9404
2.9417
2.9413
2.9413
2.9414
2.9410
2.9414
2.9411
2.9404
2.9407
2.9417
2.9413
2.9428
2.9418
2.9403
2.9418
2.9419
2.9413
2.9422
2.9423
2.9422
2.9421
2.9411
2.9421
2.9408
2.9422
2.9419
2.9410
2.9416
2.9427
2.9420
2.9387
2.9399
2.9416
2.9401
2.9417
2.9424
2.9418
2.9421
2.9417
2.9423
2.9421
2.9413
2.9408
2.9421
2.9405
2.9422
2.9418
2.9420
2.9422
2.9423
2.9425
2.9415
2.9414
2.9411
2.9414
2.9430
2.9418
2.9410
2.9410
2.9425
2.9415
2.9417
2.9388
2.9413
2.9413
2.9421
2.9419
2.9417
2.9423
2.9417
2.9434
2.9400
2.9409
2.9426
2.9411
2.9419
2.9408
2.9428
2.9430
2.9421
2.9429
2.9414
2.9422
2.9429
2.9415
2.9421
2.9429
2.9440
2.9428
2.9417
2.9417
2.9420
2.9417
2.9429
2.9427
2.9426
2.9430
2.9420
2.9431
2.9418
2.9418
2.9425
2.9422
2.9426
2.9418
2.9417
2.9434
2.9407
2.9415
2.9431
2.9413
2.9435
2.9418
2.9426
2.9421
2.9416
2.9412
2.9433
2.9421
2.9422
2.9416
2.9413
2.9399
2.9422
2.9429
2.9429
2.9423
2.9422
2.9421
2.9418
2.9416
2.9437
2.9418
2.9432
2.9426
2.9419
2.9419
2.9431
2.9425
2.9421
2.9428
2.9419
2.9429
2.9424
2.9411
2.9425
2.9429
2.9429
2.9405
2.9423
2.9426
2.9419
2.9432
2.9435
2.9424
2.9435
2.9427
2.9412
2.9420
2.9423
2.9421
2.9411
2.9443
2.9436
2.9425
2.9419
2.9421
2.9418
2.9410
2.9438
2.9421
2.9434
2.9424
2.9427
2.9428
2.9439
2.9429
2.9439
2.9445
2.9420
2.9437
2.9421
2.9421
2.9438
2.9426
2.9428
2.9426
2.9414
2.9421
2.9418
2.9428
2.9437
2.9426
2.9435
2.9425
2.9437
2.9434
2.9433
2.9437
2.9432
2.9438
2.9430
2.9434
2.9435
2.9426
2.9431
2.9440
2.9427
2.9428
2.9437
2.9415
2.9436
2.9429
2.9431
2.9436
2.9417
2.9426
2.9429
2.9437
2.9441
2.9457
2.9451
2.9435
2.9439
2.9439
2.9428
2.9427
2.9438
2.9418
2.9436
2.9440
2.9444
2.9435
2.9421
2.9431
2.9431
2.9431
2.9442
2.9421
2.9445
2.9446
2.9431
2.9435
2.9435
2.9431
2.9441
2.9418
2.9431
2.9447
2.9436
2.9445
2.9431
2.9447
2.9440
2.9429
2.9454
2.9431
2.9448
2.9420
2.9433
2.9448
2.9437
2.9445
2.9442
2.9427
2.9441
2.9437
2.9448
2.9437
2.9447
2.9442
2.9439
2.9431
2.9452
2.9433
2.9431
2.9439
2.9432
2.9444
2.9439
2.9438
2.9445
2.9443
2.9435
2.9435
2.9452
2.9446
2.9434
2.9428
2.9432
2.9443
2.9424
2.9451
2.9437
2.9447
2.9437
2.9429
2.9439
2.9447
2.9446
2.9439
2.9442
2.9425
2.9438
2.9440
2.9449
2.9439
2.9440
2.9440
2.9429
2.9447
2.9443
2.9434
2.9434
2.9439
2.9444
2.9453
2.9437
2.9450
2.9449
2.9440
2.9446
2.9442
2.9428
2.9444
2.9449
2.9436
2.9438
2.9450
2.9442
2.9449
2.9434
2.9457
2.9444
2.9444
2.9428
2.9434
2.9439
2.9447
2.9442
2.9443
2.9443
2.9442
2.9437
2.9446
2.9446
2.9433
2.9437
2.9449
2.9437
2.9443
2.9459
2.9457
2.9432
2.9440
2.9434
2.9445
2.9441
2.9448
2.9444
2.9439
2.9451
2.9445
2.9456
2.9433
2.9454
2.9445
2.9440
2.9449
2.9411
2.9422
2.9446
2.9442
2.9443
2.9447
2.9444
2.9449
2.9447
2.9453
2.9451
2.9445
2.9441
2.9415
2.9455
2.9454
2.9447
2.9453
2.9465
2.9432
2.9445
2.9448
2.9455
2.9440
2.9445
2.9433
2.9446
2.9447
2.9447
2.9456
2.9451
2.9444
2.9446
2.9446
2.9453
2.9445
2.9450
2.9448
2.9451
2.9450
2.9443
2.9451
2.9453
2.9444
2.9449
2.9451
2.9456
2.9460
2.9427
2.9443
2.9451
2.9444
2.9440
2.9451
2.9444
2.9449
2.9458
2.9447
2.9440
2.9440
2.9454
2.9446
2.9448
2.9442
2.9440
2.9451
2.9444
2.9442
2.9434
2.9446
2.9456
2.9451
2.9448
2.9457
2.9448
2.9437
2.9448
2.9449
2.9457
2.9455
2.9438
2.9450
2.9450
2.9458
2.9441
2.9454
2.9447
2.9452
2.9448
2.9438
2.9454
2.9456
2.9459
2.9464
2.9449
2.9460
2.9447
2.9453
2.9444
2.9460
2.9436
2.9446
2.9452
2.9438
2.9434
2.9438
2.9442
2.9455
2.9461
2.9447
2.9449
2.9455
2.9449
2.9447
2.9441
2.9451
2.9461
2.9444
2.9458
2.9454
2.9460
2.9460
2.9436
2.9450
2.9443
2.9454
2.9442
2.9437
2.9454
2.9445
2.9451
2.9462
2.9458
2.9442
2.9447
2.9454
2.9461
2.9449
2.9457
2.9447
2.9449
2.9454
2.9461
2.9440
2.9456
2.9444
2.9449
2.9453
2.9442
2.9450
2.9445
2.9453
2.9453
2.9439
2.9460
2.9457
2.9450
2.9464
2.9457
2.9471
2.9451
2.9454
2.9444
2.9456
2.9448
2.9457
2.9456
2.9460
2.9453
2.9450
2.9456
2.9441
2.9460
2.9459
2.9456
2.9460
2.9453
2.9448
2.9465
2.9450
2.9456
2.9449
2.9447
2.9467
2.9449
2.9454
2.9450
2.9449
2.9454
2.9452
2.9454
2.9448
2.9457
2.9454
2.9445
2.9464
2.9437
2.9454
2.9466
2.9459
2.9463
2.9469
2.9468
2.9443
2.9471
2.9461
2.9456
2.9464
2.9433
2.9457
2.9468
2.9454
2.9463
2.9449
2.9454
2.9450
2.9457
2.9465
2.9457
2.9465
2.9451
2.9455
2.9460
2.9461
2.9463
2.9462
2.9441
2.9458
2.9458
2.9450
2.9452
2.9471
2.9460
2.9457
2.9460
2.9468
2.9454
2.9453
2.9452
2.9458
2.9456
2.9459
2.9453
2.9465
2.9458
2.9458
2.9451
2.9469
2.9465
2.9467
2.9456
2.9464
2.9450
2.9456
2.9459
2.9449
2.9442
2.9458
2.9453
2.9456
2.9467
2.9466
2.9454
2.9464
2.9456
2.9459
2.9464
2.9461
2.9449
2.9459
2.9465
2.9458
2.9468
2.9465
2.9451
2.9451
2.9456
2.9458
2.9464
2.9461
2.9473
2.9465
2.9455
2.9481
2.9458
2.9471
2.9462
2.9460
2.9467
2.9465
2.9453
2.9466
2.9449
2.9465
2.9445
2.9459
2.9454
2.9453
2.9467
2.9456
2.9449
2.9459
2.9462
2.9452
2.9464
2.9458
2.9466
2.9480
2.9460
2.9452
2.9457
2.9464
2.9456
2.9460
2.9452
2.9463
2.9464
2.9457
2.9463
2.9459
2.9456
2.9469
2.9457
2.9459
2.9456
2.9453
2.9451
2.9458
2.9453
2.9458
2.9468
2.9471
2.9459
2.9470
2.9457
2.9443
2.9465
2.9448
2.9462
2.9459
2.9461
2.9443
2.9453
2.9464
2.9463
2.9462
2.9461
2.9455
2.9462
2.9471
2.9453
2.9454
2.9472
2.9468
2.9460
2.9462
2.9460
2.9476
2.9475
2.9465
2.9464
2.9469
2.9469
2.9443
2.9455
2.9452
2.9470
2.9461
2.9447
2.9462
2.9459
2.9463
2.9456
2.9464
2.9461
2.9458
2.9474
2.9443
2.9469
2.9463
2.9468
2.9462
2.9471
2.9472
2.9466
2.9470
2.9463
2.9469
2.9466
2.9444
2.9444
2.9467
2.9471
2.9457
2.9437
2.9470
2.9470
