sample: MOF-801 5L-1
program: TEST7
3.4027
3.4067
3.4107
3.4152
3.4166
3.4187
3.4207
3.4235
3.4270
3.4289
3.4328
3.4374
3.4401
3.4448
3.4470
3.4494
3.4509
3.4533
3.4568
3.4567
3.4601
3.4601
3.4607
3.4612
3.4611
3.4632
3.4647
3.4642
3.4655
3.4646
3.4659
3.4651
3.4671
3.4673
3.4669
3.4680
3.4670
3.4680
3.4686
3.4686
3.4688
3.4694
3.4696
3.4701
3.4692
3.4699
3.4709
3.4709
3.4715
3.4705
3.4706
3.4721
3.4716
3.4717
3.4714
3.4711
3.4712
3.4714
3.4713
3.4725
3.4724
3.4720
3.4735
3.4738
3.4737
3.4729
3.4720
3.4715
3.4725
3.4721
3.4739
3.4724
3.4753
3.4742
3.4741
3.4716
3.4743
3.4742
3.4750
3.4738
3.4748
3.4752
3.4746
3.4736
3.4749
3.4753
3.4737
3.4759
3.4754
3.4756
3.4742
3.4753
3.4761
3.4754
3.4763
3.4761
3.4752
3.4751
3.4751
3.4734
3.4730
3.4742
3.4730
3.4749
3.4744
3.4725
3.4725
3.4737
3.4724
3.4721
3.4718
3.4728
3.4726
3.4709
3.4708
3.4702
3.4710
3.4696
3.4701
3.4687
3.4689
3.4691
3.4669
3.4692
3.4674
3.4654
3.4685
3.4669
3.4658
3.4666
3.4637
3.4664
3.4651
3.4657
3.4646
3.4641
3.4642
3.4643
3.4641
3.4631
3.4635
3.4629
3.4629
3.4620
3.4626
3.4607
3.4617
3.4616
3.4603
3.4602
3.4615
3.4596
3.4600
3.4602
3.4602
3.4589
3.4584
3.4600
3.4566
3.4584
3.4587
3.4586
3.4576
3.4585
3.4580
3.4564
3.4566
3.4570
3.4552
3.4572
3.4570
3.4559
3.4555
3.4542
3.4551
3.4530
3.4545
3.4540
3.4538
3.4537
3.4529
3.4533
3.4515
3.4528
3.4516
3.4507
3.4509
3.4482
3.4491
3.4504
3.4501
3.4488
3.4494
3.4492
3.4472
3.4482
3.4474
3.4464
3.4479
3.4465
3.4473
3.4466
3.4456
3.4447
3.4444
3.4444
3.4448
3.4437
3.4437
3.4428
3.4422
3.4432
3.4421
3.4410
3.4399
3.4400
3.4396
3.4412
3.4400
3.4396
3.4381
3.4399
3.4371
3.4376
3.4376
3.4385
3.4372
3.4359
3.4367
3.4360
3.4341
3.4356
3.4352
3.4349
3.4343
3.4336
3.4337
3.4343
3.4334
3.4326
3.4325
3.4332
3.4328
3.4305
3.4328
3.4320
3.4328
3.4316
3.4322
3.4320
3.4321
3.4310
3.4312
3.4304
3.4303
3.4297
3.4314
3.4305
3.4305
3.4291
3.4304
3.4303
3.4299
3.4288
3.4307
3.4295
3.4283
3.4293
3.4277
3.4296
3.4288
3.4282
3.4294
3.4278
3.4280
3.4278
3.4270
3.4276
3.4272
3.4271
3.4267
3.4270
3.4260
3.4270
3.4269
3.4266
3.4261
3.4248
3.4245
3.4260
3.4261
3.4255
3.4255
3.4255
3.4252
3.4246
3.4247
3.4238
3.4246
3.4248
3.4246
3.4246
3.4239
3.4238
3.4246
3.4237
3.4230
3.4229
3.4235
3.4234
3.4228
3.4229
3.4209
3.4214
3.4224
3.4221
3.4227
3.4218
3.4226
3.4219
3.4217
3.4210
3.4215
3.4208
3.4215
3.4191
3.4220
3.4213
3.4206
3.4202
3.4198
3.4201
3.4201
3.4197
3.4206
3.4203
3.4199
3.4209
3.4188
3.4199
3.4193
3.4195
3.4196
3.4180
3.4190
3.4195
3.4182
3.4188
3.4178
3.4178
3.4186
3.4175
3.4182
3.4176
3.4179
3.4174
3.4185
3.4178
3.4167
3.4175
3.4165
3.4171
3.4168
3.4175
3.4173
3.4168
3.4159
3.4169
3.4157
3.4164
3.4157
3.4141
3.4146
3.4143
3.4159
3.4157
3.4148
3.4156
3.4149
3.4140
3.4151
3.4143
3.4150
3.4141
3.4144
3.4137
3.4114
3.4137
3.4136
3.4142
3.4139
3.4133
3.4139
3.4128
3.4128
3.4135
3.4125
3.4123
3.4133
3.4101
3.4123
3.4108
3.4125
3.4123
3.4141
3.4142
3.4156
3.4155
3.4171
3.4179
3.4209
3.4221
3.4207
3.4240
3.4251
3.4266
3.4282
3.4293
3.4298
3.4308
3.4322
3.4327
3.4346
3.4352
3.4366
3.4357
3.4378
3.4385
3.4392
3.4396
3.4402
3.4397
3.4394
3.4419
3.4412
3.4421
3.4415
3.4405
3.4416
3.4418
3.4424
3.4428
3.4432
3.4439
3.4443
3.4443
3.4450
3.4440
3.4443
3.4463
3.4447
3.4465
3.4479
3.4488
3.4482
3.4501
3.4492
3.4499
3.4508
3.4510
3.4507
3.4522
3.4524
3.4525
3.4541
3.4534
3.4534
3.4546
3.4537
3.4555
3.4544
3.4558
3.4568
3.4570
3.4557
3.4569
3.4562
3.4581
3.4570
3.4586
3.4584
3.4580
3.4595
3.4589
3.4594
3.4594
3.4610
3.4608
3.4600
3.4603
3.4602
3.4611
3.4621
3.4619
3.4622
3.4631
3.4624
3.4623
3.4635
3.4628
3.4648
3.4639
3.4654
3.4658
3.4654
3.4654
3.4671
3.4664
3.4672
3.4659
3.4674
3.4672
3.4662
3.4692
3.4696
3.4692
3.4684
3.4695
3.4714
3.4706
3.4702
3.4722
3.4712
3.4723
3.4733
3.4737
3.4740
3.4726
3.4751
3.4744
3.4752
3.4755
3.4745
3.4754
3.4757
3.4749
3.4761
3.4764
3.4756
3.4768
3.4777
3.4767
3.4763
3.4762
3.4762
3.4775
3.4766
3.4769
3.4765
3.4760
3.4780
3.4766
3.4757
3.4774
3.4794
3.4780
3.4780
3.4787
3.4778
3.4784
3.4764
3.4782
3.4782
3.4784
3.4776
3.4795
3.4785
3.4793
3.4787
3.4789
3.4788
3.4792
3.4783
3.4805
3.4780
3.4783
3.4779
3.4799
3.4785
3.4802
3.4805
3.4806
3.4805
3.4805
3.4806
3.4805
3.4806
3.4806
3.4807
3.4807
3.4808
3.4808
3.4808
3.4808
3.4809
3.4809
3.4810
