Welcome!
pan = 2.59
dry_wieght = 3.104
balance_error= -0.0035
3.0247
3.0256
3.0275
3.0259
3.0280
3.0273
3.0273
3.0281
3.0282
3.0281
3.0283
3.0291
3.0288
3.0288
3.0295
3.0291
3.0309
3.0299
3.0306
3.0306
3.0316
3.0321
3.0318
3.0331
3.0314
3.0328
3.0333
3.0317
3.0334
3.0337
3.0328
3.0336
3.0339
3.0341
3.0342
3.0342
3.0339
3.0346
3.0347
3.0343
3.0342
3.0351
3.0352
3.0347
3.0349
3.0353
3.0355
3.0358
3.0364
3.0385
3.0372
3.0365
3.0374
3.0383
3.0363
3.0376
3.0383
3.0370
3.0378
3.0380
3.0373
3.0376
3.0403
3.0401
3.0393
3.0400
3.0381
3.0399
3.0394
3.0412
3.0404
3.0404
3.0427
3.0414
3.0390
3.0414
3.0413
3.0427
3.0416
3.0418
3.0422
3.0423
3.0423
3.0418
3.0426
3.0422
3.0424
3.0444
3.0442
3.0441
3.0435
3.0433
3.0439
3.0453
3.0439
3.0450
3.0461
3.0456
3.0453
3.0455
3.0460
3.0461
3.0454
3.0455
3.0458
3.0465
3.0482
3.0481
3.0471
3.0463
3.0463
3.0467
3.0469
3.0490
3.0476
3.0488
3.0484
3.0491
3.0494
3.0485
3.0504
3.0495
3.0492
3.0489
3.0491
3.0501
3.0495
3.0516
3.0505
3.0500
3.0491
3.0517
3.0524
3.0524
3.0520
3.0513
3.0521
3.0510
3.0510
3.0532
3.0530
3.0529
3.0521
3.0540
3.0544
3.0540
3.0534
3.0540
3.0543
3.0545
3.0542
3.0547
3.0558
3.0552
3.0537
3.0555
3.0569
3.0560
3.0563
3.0564
3.0564
3.0564
3.0571
3.0572
3.0563
3.0558
3.0563
3.0566
3.0568
3.0560
3.0582
3.0572
3.0575
3.0581
3.0585
3.0587
3.0590
3.0590
3.0591
3.0586
3.0588
3.0599
3.0605
3.0605
3.0600
3.0600
3.0618
3.0595
3.0615
3.0608
3.0614
3.0610
3.0606
3.0623
3.0606
3.0627
3.0622
3.0627
3.0634
3.0619
3.0626
3.0633
3.0628
3.0635
3.0619
3.0647
3.0646
3.0630
3.0632
3.0636
3.0639
3.0636
3.0638
3.0644
3.0650
3.0663
3.0665
3.0664
3.0667
3.0654
3.0657
3.0662
3.0664
3.0667
3.0663
3.0650
3.0654
3.0667
3.0671
3.0671
3.0666
3.0662
3.0669
3.0669
3.0683
3.0682
3.0681
3.0664
3.0680
3.0678
3.0673
3.0678
3.0683
3.0685
3.0685
3.0689
3.0683
3.0702
3.0696
3.0698
3.0697
3.0706
3.0689
3.0693
3.0685
3.0695
3.0701
3.0703
3.0715
3.0709
3.0703
3.0718
3.0713
3.0716
3.0720
3.0709
3.0722
3.0722
3.0720
3.0730
3.0719
3.0725
3.0722
3.0700
3.0736
3.0718
3.0736
3.0731
3.0730
3.0741
3.0732
3.0736
3.0739
3.0732
3.0753
3.0749
3.0744
3.0743
3.0751
3.0743
3.0748
3.0750
3.0760
3.0759
3.0759
3.0758
3.0751
3.0751
3.0752
3.0750
3.0771
3.0769
3.0772
3.0757
3.0766
3.0758
3.0767
3.0768
3.0771
3.0779
3.0786
3.0774
3.0775
3.0765
3.0781
3.0783
3.0769
3.0784
3.0780
3.0788
3.0776
3.0777
3.0788
3.0783
3.0783
3.0781
3.0784
3.0787
3.0787
3.0793
3.0794
3.0798
3.0800
3.0800
3.0799
3.0800
3.0797
3.0796
3.0794
3.0805
3.0805
3.0806
3.0805
3.0786
3.0785
3.0812
3.0808
3.0805
3.0807
3.0810
3.0806
3.0822
3.0812
3.0810
3.0809
3.0811
3.0820
3.0819
3.0823
3.0823
3.0827
3.0815
3.0813
3.0833
3.0801
3.0824
3.0820
3.0820
3.0829
3.0828
3.0828
3.0829
3.0827
3.0845
3.0838
3.0839
3.0820
3.0837
3.0831
3.0846
3.0852
3.0849
3.0857
3.0846
3.0836
3.0832
3.0849
3.0840
3.0853
3.0850
3.0854
3.0849
3.0848
3.0849
3.0857
3.0859
3.0859
3.0845
3.0864
3.0859
3.0865
3.0851
3.0854
3.0873
3.0862
3.0867
3.0863
3.0857
3.0878
3.0858
3.0862
3.0870
3.0871
3.0873
3.0876
3.0877
3.0876
3.0872
3.0872
3.0874
3.0878
3.0865
3.0880
3.0881
3.0883
3.0883
3.0878
3.0877
3.0872
3.0887
3.0880
3.0880
3.0888
3.0889
3.0882
3.0894
3.0857
3.0887
3.0884
3.0866
3.0890
3.0879
3.0882
3.0890
3.0895
3.0897
3.0890
3.0916
3.0894
3.0895
3.0890
3.0894
3.0911
3.0902
3.0902
3.0901
3.0906
3.0903
3.0894
3.0902
3.0901
3.0908
3.0879
3.0899
3.0901
3.0906
3.0913
3.0913
3.0908
3.0909
3.0912
3.0908
3.0915
3.0909
3.0924
3.0918
3.0906
3.0918
3.0915
3.0917
3.0923
3.0896
3.0913
3.0915
3.0915
3.0915
3.0927
3.0906
3.0925
3.0919
3.0920
3.0928
3.0943
3.0925
3.0935
3.0923
3.0924
3.0905
3.0928
3.0919
3.0930
3.0939
3.0934
3.0923
3.0916
3.0918
3.0929
3.0928
3.0929
3.0928
3.0939
3.0923
3.0931
3.0944
3.0939
3.0947
3.0934
3.0937
3.0932
3.0933
3.0935
3.0939
3.0940
3.0939
3.0936
3.0942
3.0939
3.0948
3.0943
3.0946
3.0945
3.0952
3.0949
3.0932
3.0957
3.0937
3.0947
3.0947
3.0938
3.0947
3.0958
3.0947
3.0948
3.0964
3.0948
3.0956
3.0967
3.0953
3.0950
3.0971
3.0945
3.0949
3.0961
3.0957
3.0950
3.0959
3.0950
3.0952
3.0963
3.0952
3.0960
3.0961
3.0964
3.0958
3.0969
3.0959
3.0965
3.0966
3.0963
3.0965
3.0966
3.0955
3.0970
3.0966
3.0958
3.0976
3.0962
3.0966
3.0962
3.0961
3.0980
3.0965
3.0967
3.0970
3.0970
3.0969
3.0972
3.0968
3.0979
3.0987
3.0984
3.0975
3.0975
3.0980
3.0984
3.0992
3.0969
3.0974
3.0967
3.0957
3.0978
3.0956
3.0989
3.0985
3.0992
3.0980
3.0972
3.0980
3.0975
3.0979
3.0981
3.0980
3.0976
3.0983
3.0988
3.0976
3.0985
3.0990
3.0985
3.0990
3.0978
3.0999
3.0995
3.0994
3.0997
3.0999
3.0991
3.0992
3.0995
3.0995
3.0999
3.1006
3.1009
3.1002
3.0974
3.0996
3.1010
3.0996
3.0998
3.1000
3.0991
3.1001
3.0999
3.1008
3.1002
3.1013
3.1014
3.0992
3.1006
3.1008
3.1001
3.1006
3.1013
3.1001
3.1001
3.1003
3.1004
3.1014
3.1013
3.1008
3.1011
3.1016
3.1012
3.1003
3.1007
3.1006
3.1011
3.1009
3.1010
3.1014
3.1017
3.1017
3.1013
3.1011
3.1011
3.1011
3.1011
3.1013
3.1026
3.1028
3.1009
3.1013
3.1012
3.1003
3.1015
3.1023
3.1003
3.1020
3.1024
3.1012
3.1009
3.1010
3.1013
3.1009
3.1016
3.1026
3.1031
3.1027
3.1018
3.1006
3.1026
3.1021
3.1020
3.1021
3.1025
3.1028
3.1023
3.1029
3.1034
3.1011
3.1022
3.1024
3.1019
3.1037
3.1031
3.1034
3.1034
3.1039
3.1034
3.1038
3.1035
3.1024
3.1028
3.1029
3.1024
3.1044
3.1041
3.1032
3.1023
3.1031
3.1029
3.1032
3.1046
3.1040
3.1037
3.1027
3.1033
3.1025
3.1030
3.1033
3.1026
3.1032
3.0996
3.1032
3.1029
3.1037
3.1047
3.1024
3.1040
3.1046
3.1041
3.1038
3.1039
3.1040
3.1034
3.1048
3.1022
3.1032
3.1040
3.1043
3.1051
3.1052
3.1046
3.1041
3.1055
3.1040
3.1060
3.1051
3.1038
3.1027
3.1051
3.1041
3.1034
3.1048
3.1053
3.1054
3.1052
3.1058
3.1061
3.1058
3.1056
3.1059
3.1041
3.1052
3.1049
3.1055
3.1054
3.1060
3.1043
3.1051
3.1049
3.1055
3.1058
3.1054
3.1051
3.1062
3.1057
3.1064
3.1066
3.1057
3.1065
3.1068
3.1065
3.1054
3.1073
3.1076
3.1055
3.1066
3.1060
3.1067
3.1054
3.1052
3.1072
3.1070
3.1061
3.1060
3.1075
3.1072
3.1065
3.1048
3.1070
3.1073
3.1072
3.1073
3.1072
3.1064
3.1069
3.1064
3.1074
3.1066
3.1069
3.1058
3.1055
3.1064
3.1062
3.1068
3.1062
3.1063
3.1062
3.1061
3.1070
3.1072
3.1071
3.1074
3.1073
3.1087
3.1081
3.1074
3.1067
3.1078
3.1071
3.1087
3.1080
3.1076
3.1081
3.1085
3.1085
3.1080
3.1086
3.1082
3.1083
3.1083
3.1073
3.1087
3.1082
3.1080
3.1081
3.1079
3.1074
3.1089
3.1077
3.1082
3.1085
3.1086
3.1066
3.1086
3.1083
3.1086
3.1077
3.1099
3.1097
3.1095
3.1081
3.1091
3.1094
3.1099
3.1106
3.1083
3.1094
3.1097
3.1094
3.1099
3.1094
3.1091
3.1090
3.1092
3.1094
3.1100
3.1100
3.1102
3.1100
3.1107
3.1097
3.1100
3.1103
3.1097
3.1093
3.1099
3.1097
3.1100
3.1091
3.1087
3.1085
3.1108
3.1109
3.1107
3.1103
3.1104
3.1097
3.1101
3.1105
3.1104
3.1116
3.1099
3.1111
3.1099
3.1108
3.1107
3.1107
3.1114
3.1098
3.1109
3.1098
3.1107
3.1114
3.1111
3.1111
3.1117
3.1106
3.1105
3.1110
3.1116
3.1113
3.1119
3.1119
3.1117
3.1112
3.1115
3.1104
3.1117
3.1108
3.1111
3.1101
3.1097
3.1114
3.1113
3.1117
3.1106
3.1122
3.1110
3.1101
3.1113
3.1103
3.1113
3.1112
3.1120
3.1109
3.1113
3.1107
3.1106
3.1111
3.1117
3.1123
3.1120
3.1122
3.1116
3.1118
3.1119
3.1102
3.1120
3.1120
3.1126
3.1127
3.1115
3.1120
3.1117
3.1133
3.1131
3.1123
3.1134
3.1127
3.1113
3.1130
3.1143
3.1136
3.1129
3.1113
3.1134
3.1122
3.1128
3.1131
3.1130
3.1127
3.1132
3.1124
3.1134
3.1134
3.1114
3.1137
3.1134
3.1125
3.1131
3.1126
3.1143
3.1121
3.1128
3.1136
3.1137
3.1145
3.1137
3.1117
3.1147
3.1140
3.1138
3.1131
3.1134
3.1133
3.1137
3.1131
3.1128
3.1135
3.1137
3.1127
3.1152
3.1110
3.1152
3.1147
3.1139
3.1140
3.1142
3.1125
3.1151
3.1144
3.1137
3.1130
3.1158
3.1133
3.1145
3.1144
3.1149
3.1141
3.1140
3.1140
3.1141
3.1137
3.1151
3.1142
3.1142
3.1137
3.1136
3.1156
3.1146
3.1144
3.1144
3.1143
3.1137
3.1141
3.1139
3.1141
3.1149
3.1147
3.1147
3.1148
3.1148
3.1148
3.1152
3.1142
3.1151
3.1157
3.1146
3.1145
3.1144
3.1161
3.1156
3.1146
3.1158
3.1152
3.1151
3.1153
3.1149
3.1150
3.1156
3.1157
3.1154
3.1159
3.1157
3.1150
3.1151
3.1163
3.1158
3.1135
3.1153
3.1155
3.1152
3.1155
3.1159
3.1159
3.1158
3.1151
3.1157
3.1155
3.1154
3.1152
3.1170
3.1157
3.1147
3.1149
3.1147
3.1158
3.1162
3.1139
3.1161
3.1168
3.1165
3.1168
3.1174
3.1172
3.1169
3.1157
3.1160
3.1162
3.1165
3.1148
3.1166
3.1176
3.1162
3.1178
3.1173
3.1172
3.1170
3.1166
3.1167
3.1168
3.1175
3.1172
3.1162
3.1159
3.1165
3.1171
3.1167
3.1173
3.1164
3.1174
3.1165
3.1174
3.1169
3.1169
3.1173
3.1177
3.1166
3.1181
3.1175
3.1192
3.1173
3.1180
3.1155
3.1173
3.1185
3.1162
3.1167
3.1168
3.1174
3.1179
3.1184
3.1157
3.1183
3.1184
3.1176
3.1174
3.1176
3.1168
3.1186
3.1187
3.1168
3.1185
3.1180
3.1169
3.1166
3.1178
3.1182
3.1185
3.1187
3.1174
3.1172
3.1182
3.1181
3.1181
3.1181
3.1182
3.1182
3.1176
3.1180
3.1179
3.1179
3.1176
3.1187
3.1169
3.1184
3.1181
3.1175
3.1173
3.1178
3.1187
3.1196
3.1193
3.1194
3.1192
3.1203
3.1173
3.1182
3.1187
3.1182
3.1181
3.1184
3.1193
3.1197
3.1186
3.1201
3.1190
3.1193
3.1183
3.1186
3.1188
3.1186
3.1186
3.1189
3.1184
3.1193
3.1191
3.1194
3.1192
3.1201
3.1164
3.1200
3.1192
3.1184
3.1180
3.1186
3.1185
3.1198
3.1194
3.1198
3.1202
3.1203
3.1197
3.1193
3.1189
3.1183
3.1201
3.1195
3.1196
3.1192
3.1188
3.1188
3.1194
3.1171
3.1195
3.1207
3.1196
3.1203
3.1200
3.1197
3.1195
3.1191
3.1201
3.1198
3.1194
3.1194
3.1195
3.1190
3.1207
3.1197
3.1190
3.1204
3.1195
3.1176
3.1199
3.1202
3.1191
3.1201
3.1196
3.1201
3.1206
3.1208
3.1208
3.1200
3.1200
3.1203
3.1207
3.1204
3.1200
3.1197
3.1194
3.1198
3.1220
3.1217
3.1194
3.1199
3.1204
3.1201
3.1207
3.1210
3.1209
3.1209
3.1205
3.1192
3.1208
3.1187
3.1199
3.1202
3.1210
3.1211
3.1208
3.1201
3.1202
3.1201
3.1201
3.1209
3.1201
3.1189
3.1200
3.1201
3.1214
3.1215
3.1194
3.1199
3.1210
3.1210
3.1213
3.1197
3.1207
3.1210
3.1219
3.1201
3.1215
3.1210
3.1220
3.1207
3.1216
3.1214
3.1193
3.1200
3.1203
3.1204
3.1216
3.1214
3.1208
3.1210
3.1211
3.1216
3.1215
3.1212
3.1212
3.1211
3.1198
3.1198
3.1215
3.1215
3.1212
3.1214
3.1214
3.1193
3.1207
3.1217
3.1212
3.1203
3.1230
3.1215
3.1212
3.1202
3.1204
3.1211
3.1215
3.1217
3.1222
3.1222
3.1221
3.1205
3.1215
3.1209
3.1210
3.1210
3.1214
3.1216
3.1216
3.1217
3.1216
3.1215
3.1210
3.1220
3.1210
3.1211
3.1210
3.1214
3.1216
3.1216
3.1216
3.1217
3.1220
3.1203
3.1216
3.1221
3.1212
3.1224
3.1219
3.1218
3.1222
3.1212
3.1216
3.1225
3.1235
3.1230
3.1221
3.1224
3.1218
3.1216
3.1218
3.1218
3.1219
3.1220
3.1220
3.1195
3.1227
3.1218
3.1225
3.1227
3.1213
3.1223
3.1224
3.1217
3.1225
3.1219
3.1216
3.1220
3.1227
3.1228
3.1222
3.1216
3.1229
3.1221
3.1204
3.1224
3.1217
3.1223
3.1226
3.1217
3.1221
3.1229
3.1235
3.1233
3.1229
3.1224
3.1213
3.1216
3.1232
3.1229
3.1223
3.1217
3.1228
3.1218
3.1220
3.1226
3.1227
3.1230
3.1224
3.1239
3.1228
3.1237
3.1226
3.1218
3.1225
3.1225
3.1219
3.1237
3.1218
3.1232
3.1231
3.1217
3.1234
3.1233
3.1243
3.1234
3.1212
3.1227
3.1237
3.1229
3.1231
3.1234
3.1235
3.1230
3.1232
3.1231
3.1227
3.1224
3.1225
3.1236
3.1227
3.1228
3.1232
3.1236
3.1232
3.1236
3.1236
3.1236
3.1230
3.1219
3.1230
3.1223
3.1227
3.1230
3.1231
3.1231
3.1231
3.1230
3.1229
3.1228
3.1230
3.1234
3.1231
3.1225
3.1237
3.1234
3.1232
3.1236
3.1234
3.1230
3.1232
3.1239
3.1226
3.1225
3.1243
3.1224
3.1239
3.1234
3.1225
3.1215
3.1229
3.1235
3.1239
3.1232
3.1230
3.1230
3.1230
3.1225
3.1234
3.1212
3.1234
3.1234
3.1228
3.1221
3.1223
3.1226
3.1225
3.1241
3.1236
3.1234
3.1234
3.1230
3.1233
3.1240
3.1239
3.1239
3.1225
3.1232
3.1246
3.1248
3.1249
3.1248
3.1244
3.1242
3.1241
3.1242
3.1239
3.1238
3.1229
3.1239
3.1239
3.1232
3.1231
3.1234
3.1239
3.1242
3.1242
3.1236
3.1230
3.1234
3.1243
3.1248
3.1245
3.1240
3.1241
3.1240
3.1249
3.1249
3.1249
3.1252
3.1224
3.1241
3.1235
3.1241
3.1238
3.1238
3.1240
3.1240
3.1243
3.1242
3.1239
3.1229
3.1230
3.1235
3.1240
3.1237
3.1242
3.1238
3.1242
3.1239
3.1245
3.1243
3.1245
3.1241
3.1240
3.1245
3.1245
3.1233
3.1239
3.1241
3.1245
3.1247
3.1247
3.1244
3.1245
3.1235
3.1240
3.1242
3.1239
3.1238
3.1241
3.1243
3.1243
3.1243
3.1250
3.1220
3.1238
3.1236
3.1236
3.1243
3.1234
3.1249
3.1236
3.1246
3.1237
3.1242
3.1238
3.1234
3.1235
3.1240
3.1244
3.1249
3.1246
3.1245
3.1244
3.1244
3.1254
3.1257
3.1244
3.1245
3.1247
3.1242
3.1237
3.1238
3.1243
3.1241
3.1247
3.1250
3.1239
3.1239
3.1241
3.1243
3.1244
3.1245
3.1238
3.1237
3.1243
3.1245
3.1245
3.1246
3.1233
3.1238
3.1252
3.1249
3.1253
3.1253
3.1241
3.1240
3.1241
3.1241
3.1239
3.1242
3.1247
3.1238
3.1254
3.1250
3.1240
3.1250
3.1250
3.1257
3.1250
3.1242
3.1236
3.1237
3.1243
3.1251
3.1244
3.1250
3.1248
3.1243
3.1246
3.1243
3.1243
3.1243
3.1252
3.1254
3.1246
3.1244
3.1249
3.1248
3.1250
3.1250
3.1250
3.1249
3.1247
3.1245
3.1248
3.1242
3.1251
3.1254
3.1248
3.1246
3.1248
3.1255
3.1259
3.1253
3.1252
3.1251
3.1241
3.1241
3.1246
3.1250
3.1246
3.1242
3.1249
3.1234
3.1236
3.1244
3.1247
3.1247
3.1253
3.1250
3.1252
3.1243
3.1241
3.1249
3.1251
3.1251
3.1245
3.1248
3.1248
3.1257
3.1251
3.1248
3.1257
3.1259
3.1259
3.1255
3.1248
3.1251
3.1253
3.1252
3.1257
3.1258
3.1258
3.1256
3.1254
3.1253
3.1248
3.1256
3.1242
3.1250
3.1243
3.1243
3.1246
3.1257
3.1238
3.1252
3.1251
3.1249
3.1243
3.1257
3.1257
3.1243
3.1255
3.1249
3.1251
3.1245
3.1242
3.1256
3.1250
3.1251
3.1250
3.1250
3.1254
3.1251
3.1235
3.1257
3.1255
3.1259
3.1258
3.1258
3.1257
3.1249
3.1243
3.1243
3.1244
3.1252
3.1244
3.1245
3.1258
3.1243
3.1261
3.1254
3.1252
3.1250
3.1253
3.1258
3.1261
3.1252
3.1259
3.1247
3.1257
3.1263
3.1261
3.1253
3.1261
3.1252
3.1246
3.1262
3.1265
3.1258
3.1238
3.1253
3.1257
3.1258
3.1239
3.1252
3.1251
3.1248
3.1250
3.1250
3.1263
3.1261
3.1254
3.1252
3.1256
3.1253
3.1252
3.1259
3.1260
3.1259
3.1252
3.1248
3.1252
3.1258
3.1246
3.1246
3.1261
3.1255
3.1254
3.1238
3.1253
3.1259
3.1239
3.1243
3.1264
3.1265
3.1265
3.1260
3.1257
3.1254
3.1247
3.1256
3.1260
3.1257
3.1259
3.1261
3.1257
3.1256
3.1259
3.1253
3.1254
3.1255
3.1260
3.1258
3.1248
3.1243
3.1246
3.1244
3.1262
3.1258
3.1248
3.1249
3.1251
3.1256
3.1261
3.1259
3.1261
3.1253
3.1252
3.1252
3.1253
3.1242
3.1258
3.1252
3.1261
3.1250
3.1232
3.1259
3.1257
3.1258
3.1251
3.1253
3.1259
3.1259
3.1259
3.1256
3.1257
3.1257
3.1249
3.1247
3.1249
3.1254
3.1255
3.1250
3.1255
3.1238
3.1259
3.1265
3.1259
3.1252
3.1254
3.1258
3.1244
3.1263
3.1265
3.1264
3.1260
3.1262
3.1257
3.1236
3.1267
3.1261
3.1256
3.1255
3.1256
3.1256
3.1261
3.1267
3.1267
3.1266
3.1256
3.1258
3.1252
3.1255
3.1253
3.1250
3.1251
3.1251
3.1263
3.1259
3.1260
3.1262
3.1270
3.1266
3.1258
3.1258
3.1264
3.1264
3.1262
3.1245
3.1239
3.1261
3.1255
3.1255
3.1262
3.1251
3.1265
3.1265
3.1263
3.1262
3.1262
3.1262
3.1262
3.1262
3.1261
3.1260
3.1249
3.1258
3.1258
3.1252
3.1265
3.1257
3.1261
3.1261
3.1251
3.1264
3.1266
3.1245
3.1246
3.1226
3.1258
3.1261
3.1239
3.1254
3.1248
3.1250
3.1248
3.1253
3.1234
3.1259
3.1260
3.1249
3.1258
3.1262
3.1262
3.1252
3.1244
3.1257
3.1258
3.1253
3.1258
3.1255
3.1257
3.1257
3.1260
3.1261
3.1261
3.1260
3.1259
3.1259
3.1260
3.1269
3.1270
3.1265
3.1265
3.1255
3.1268
3.1277
3.1256
3.1238
3.1261
3.1250
3.1267
3.1266
3.1266
3.1260
3.1264
3.1268
3.1259
3.1252
3.1250
3.1252
3.1257
3.1263
3.1260
3.1258
3.1254
3.1261
3.1262
3.1259
3.1261
3.1262
3.1263
3.1266
3.1262
3.1259
3.1258
3.1257
3.1265
3.1272
3.1244
3.1260
3.1260
3.1254
3.1264
3.1258
3.1259
3.1262
3.1260
3.1264
3.1247
3.1257
3.1264
3.1263
3.1263
3.1263
3.1263
3.1262
3.1255
3.1259
3.1265
3.1250
3.1247
3.1255
3.1270
3.1265
3.1262
3.1262
3.1242
3.1253
3.1261
3.1262
3.1255
3.1258
3.1258
3.1255
3.1257
3.1262
3.1259
3.1262
3.1263
3.1264
3.1264
3.1245
3.1262
3.1267
3.1269
3.1264
3.1266
3.1251
3.1259
3.1260
3.1254
3.1247
3.1264
3.1263
3.1260
3.1261
3.1257
3.1259
3.1266
3.1255
3.1270
3.1271
3.1268
3.1270
3.1253
3.1253
3.1258
3.1262
3.1260
3.1261
3.1255
3.1261
3.1271
3.1265
3.1269
3.1268
3.1259
3.1263
3.1256
3.1258
3.1255
3.1261
3.1256
3.1259
3.1257
3.1257
3.1258
3.1264
3.1250
3.1260
3.1267
3.1268
3.1250
3.1267
3.1261
3.1269
3.1265
3.1253
3.1265
3.1261
3.1266
3.1253
3.1266
3.1271
3.1241
3.1253
3.1252
3.1266
3.1266
3.1261
3.1259
3.1264
3.1266
3.1262
3.1264
3.1267
3.1271
3.1275
3.1270
3.1266
3.1273
3.1272
3.1261
3.1261
3.1265
3.1252
3.1261
3.1257
3.1253
3.1256
3.1263
3.1270
3.1264
3.1261
3.1262
3.1265
3.1265
3.1268
3.1268
3.1268
3.1268
3.1268
3.1264
3.1265
3.1259
3.1263
3.1261
3.1264
3.1266
3.1255
3.1261
3.1261
3.1258
3.1256
3.1278
3.1276
3.1268
3.1256
3.1274
3.1275
3.1269
3.1266
3.1267
3.1266
3.1262
3.1262
3.1266
3.1266
3.1265
3.1265
3.1265
3.1270
3.1267
3.1269
3.1260
3.1269
3.1263
3.1256
3.1265
3.1255
3.1273
3.1259
3.1263
3.1263
3.1263
3.1267
3.1266
3.1266
3.1270
3.1268
3.1268
3.1270
3.1270
3.1261
3.1257
3.1262
3.1268
3.1258
3.1261
3.1265
3.1266
3.1265
3.1268
3.1266
3.1272
3.1270
3.1264
3.1264
3.1272
3.1259
3.1269
3.1247
3.1266
3.1266
3.1259
3.1264
3.1258
3.1262
3.1262
3.1262
3.1262
3.1264
3.1252
3.1263
3.1257
3.1260
3.1262
3.1261
3.1254
3.1264
3.1271
3.1271
3.1267
3.1269
3.1267
3.1261
3.1272
3.1271
3.1258
3.1263
3.1271
3.1273
3.1253
3.1258
3.1266
3.1269
3.1254
3.1262
3.1274
3.1274
3.1273
3.1272
3.1271
3.1263
3.1254
3.1275
3.1264
3.1262
3.1267
3.1268
3.1268
3.1268
3.1268
3.1268
3.1253
3.1261
3.1262
3.1264
3.1265
3.1260
3.1266
3.1266
3.1268
3.1266
3.1269
3.1266
3.1266
3.1269
3.1266
3.1251
3.1263
3.1267
3.1268
3.1264
3.1256
3.1267
3.1259
3.1254
3.1255
3.1266
3.1270
3.1271
3.1271
3.1270
3.1269
3.1262
3.1266
3.1271
3.1276
3.1246
3.1260
3.1253
3.1262
3.1253
3.1275
3.1251
3.1270
3.1248
3.1265
3.1258
3.1255
3.1259
3.1261
3.1264
3.1266
3.1257
3.1264
3.1266
3.1265
3.1270
3.1272
3.1268
3.1270
3.1272
3.1271
3.1266
3.1263
3.1260
3.1256
3.1268
3.1267
3.1266
3.1267
3.1266
3.1258
3.1262
3.1262
3.1257
3.1263
3.1263
3.1259
3.1262
3.1264
3.1261
3.1257
3.1256
3.1261
3.1262
3.1257
3.1259
3.1260
3.1264
3.1263
3.1265
3.1266
3.1259
3.1266
3.1263
3.1264
3.1264
3.1264
3.1263
3.1260
3.1268
3.1267
3.1266
3.1266
3.1266
3.1265
3.1263
3.1269
3.1272
3.1269
3.1266
3.1273
3.1269
3.1262
3.1260
3.1264
3.1262
3.1254
3.1261
3.1261
3.1263
3.1278
3.1250
3.1250
3.1268
3.1270
3.1269
3.1270
3.1271
3.1271
3.1270
3.1267
3.1267
3.1269
3.1264
3.1261
3.1265
3.1271
3.1275
3.1270
3.1257
3.1262
3.1269
3.1266
3.1269
3.1271
3.1268
3.1261
3.1266
3.1266
3.1266
3.1266
3.1265
3.1266
3.1253
3.1260
3.1267
3.1274
3.1278
3.1268
3.1269
3.1261
3.1271
3.1268
3.1263
3.1267
3.1271
3.1262
3.1267
3.1270
3.1267
3.1265
3.1265
3.1279
3.1267
3.1265
3.1265
3.1271
3.1272
3.1273
3.1269
3.1270
3.1251
3.1262
3.1269
3.1269
3.1256
3.1271
3.1266
3.1269
3.1264
3.1274
3.1253
3.1261
3.1264
3.1263
3.1258
3.1259
3.1265
3.1269
3.1268
3.1271
3.1269
3.1265
3.1264
3.1265
3.1268
3.1261
3.1272
3.1271
3.1258
3.1272
3.1257
3.1267
3.1270
3.1269
3.1269
3.1264
3.1267
3.1270
3.1253
3.1255
3.1259
3.1264
3.1264
3.1258
3.1261
3.1271
3.1271
3.1261
3.1259
3.1260
3.1268
3.1269
3.1268
3.1265
3.1268
3.1268
3.1266
3.1263
3.1272
3.1275
3.1275
3.1268
3.1270
3.1262
3.1271
3.1264
3.1270
3.1274
3.1275
3.1270
3.1263
3.1261
3.1275
3.1266
3.1274
3.1250
3.1251
3.1272
3.1271
3.1270
3.1266
3.1260
3.1261
3.1264
3.1266
3.1270
3.1271
3.1272
3.1271
3.1261
3.1253
3.1257
3.1260
3.1272
3.1262
3.1247
3.1261
3.1269
3.1275
3.1270
3.1270
3.1271
3.1272
3.1270
3.1269
3.1268
3.1268
3.1259
3.1269
3.1272
3.1257
3.1258
3.1259
3.1264
3.1271
3.1262
3.1270
3.1263
3.1262
3.1267
3.1269
3.1259
3.1273
3.1271
3.1269
3.1275
3.1279
3.1278
3.1267
3.1274
3.1254
3.1266
3.1249
3.1267
3.1271
3.1265
3.1264
3.1273
3.1274
3.1257
3.1265
3.1272
3.1269
3.1275
3.1268
3.1266
3.1268
3.1271
3.1269
3.1268
3.1272
3.1273
3.1254
3.1262
3.1270
3.1270
3.1269
3.1270
3.1266
3.1270
3.1266
3.1270
3.1253
3.1249
3.1252
3.1262
3.1265
3.1269
3.1271
3.1271
3.1271
3.1270
3.1269
3.1265
3.1272
3.1269
3.1268
3.1270
3.1266
3.1250
3.1270
3.1268
3.1260
3.1266
3.1251
3.1255
3.1264
3.1261
3.1265
3.1273
3.1254
3.1263
3.1259
3.1275
3.1265
3.1267
3.1271
3.1273
3.1269
3.1266
3.1268
3.1267
3.1268
3.1268
3.1269
3.1253
3.1264
3.1268
3.1270
3.1256
3.1276
3.1272
3.1253
3.1270
3.1268
3.1268
3.1276
3.1256
3.1257
3.1275
3.1280
3.1281
3.1255
3.1270
3.1265
3.1270
3.1272
3.1272
3.1273
3.1273
3.1272
3.1271
3.1271
3.1271
3.1272
3.1261
3.1269
3.1265
3.1269
3.1266
3.1268
3.1268
3.1269
3.1276
3.1258
3.1269
3.1257
3.1257
3.1272
3.1274
3.1269
3.1253
3.1265
3.1266
3.1268
3.1268
3.1268
3.1267
3.1266
3.1275
3.1277
3.1275
3.1273
3.1273
3.1272
3.1272
3.1273
3.1257
3.1260
3.1266
3.1269
3.1270
3.1270
3.1269
3.1268
3.1268
3.1268
3.1268
3.1270
3.1274
3.1264
3.1273
3.1271
3.1271
3.1271
3.1271
3.1278
3.1274
3.1269
3.1271
3.1269
3.1262
3.1274
3.1276
3.1274
3.1271
3.1271
3.1272
3.1272
3.1271
3.1263
3.1264
3.1264
3.1270
3.1264
3.1269
3.1263
3.1262
3.1269
3.1267
3.1265
3.1261
3.1265
3.1269
3.1267
3.1264
3.1261
3.1268
3.1274
3.1269
3.1269
3.1259
3.1267
3.1264
3.1261
3.1259
3.1262
3.1263
3.1261
3.1264
3.1268
3.1265
3.1262
3.1263
3.1269
3.1272
3.1275
3.1271
3.1267
3.1267
3.1257
3.1259
3.1260
3.1263
3.1260
3.1261
3.1264
3.1266
3.1266
3.1268
3.1269
3.1267
3.1262
3.1271
3.1265
3.1268
3.1272
3.1275
3.1272
3.1263
3.1278
3.1276
3.1275
3.1273
3.1270
3.1270
3.1272
3.1267
3.1266
3.1267
3.1270
3.1269
3.1275
3.1275
3.1271
3.1276
3.1268
3.1263
3.1267
3.1270
3.1271
3.1271
3.1263
3.1261
3.1266
3.1265
3.1265
3.1272
3.1255
3.1270
3.1262
3.1268
3.1270
3.1270
3.1274
3.1273
3.1269
3.1273
3.1267
3.1265
3.1266
3.1267
3.1269
3.1271
3.1272
3.1273
3.1273
3.1276
3.1259
3.1276
3.1279
3.1276
3.1275
3.1274
3.1275
3.1268
3.1266
3.1256
3.1273
3.1270
3.1268
3.1270
3.1270
3.1271
3.1257
3.1266
3.1265
3.1267
3.1268
3.1268
3.1274
3.1269
3.1262
3.1256
3.1272
3.1277
3.1263
3.1255
3.1260
3.1270
3.1265
3.1266
3.1277
3.1271
3.1269
3.1276
3.1277
3.1276
3.1265
3.1274
3.1271
3.1272
3.1272
3.1272
3.1260
3.1263
3.1269
3.1267
3.1268
3.1274
3.1269
3.1276
3.1273
3.1274
3.1268
3.1263
3.1263
3.1268
3.1274
3.1275
3.1276
3.1275
3.1274
3.1274
3.1271
3.1269
3.1278
3.1275
3.1264
3.1269
3.1265
3.1267
3.1272
3.1272
3.1266
3.1272
3.1265
3.1264
3.1268
3.1275
3.1271
3.1266
3.1267
3.1264
3.1270
3.1278
3.1264
3.1268
3.1263
3.1268
3.1268
3.1267
3.1270
3.1275
3.1271
3.1272
3.1267
3.1271
3.1273
3.1275
3.1273
3.1271
3.1273
3.1276
3.1278
3.1276
3.1271
3.1270
3.1273
3.1276
3.1277
3.1277
3.1276
3.1250
3.1262
3.1263
3.1279
3.1279
3.1278
3.1270
3.1256
3.1276
3.1268
3.1267
3.1269
3.1268
3.1270
3.1273
3.1276
3.1283
3.1257
3.1267
3.1268
3.1261
3.1263
3.1261
3.1266
3.1274
3.1280
3.1278
3.1272
3.1263
3.1262
3.1268
3.1271
3.1266
3.1265
3.1270
3.1261
3.1268
3.1267
3.1273
3.1271
3.1274
3.1277
3.1270
3.1265
3.1279
3.1267
3.1270
3.1272
3.1259
3.1257
3.1265
3.1271
3.1268
3.1271
3.1275
3.1274
3.1277
3.1271
3.1268
3.1273
3.1275
3.1273
3.1273
3.1277
3.1275
3.1273
3.1276
3.1275
3.1271
3.1268
3.1272
3.1264
3.1264
3.1271
3.1270
3.1263
3.1270
3.1259
3.1269
3.1271
3.1274
3.1268
3.1263
3.1269
3.1268
3.1270
3.1274
3.1270
3.1263
3.1268
3.1269
3.1270
3.1268
3.1271
3.1272
3.1266
3.1264
3.1266
3.1274
3.1279
3.1276
3.1272
3.1270
3.1281
3.1264
3.1267
3.1261
3.1262
3.1269
3.1272
3.1271
3.1265
3.1263
3.1264
3.1265
3.1264
3.1266
3.1271
3.1278
3.1275
3.1273
3.1273
3.1270
3.1260
3.1265
3.1268
3.1273
3.1273
3.1273
3.1273
3.1274
3.1274
3.1274
3.1257
3.1278
3.1270
3.1273
3.1273
3.1273
3.1267
3.1269
3.1271
3.1269
3.1272
3.1259
3.1280
3.1284
3.1259
3.1266
3.1267
3.1273
3.1271
3.1258
3.1271
3.1268
3.1265
3.1264
3.1271
3.1268
3.1270
3.1269
3.1268
3.1272
3.1277
3.1277
3.1275
3.1259
3.1268
3.1271
3.1268
3.1267
3.1275
3.1262
3.1265
3.1268
3.1266
3.1272
3.1256
3.1274
3.1276
3.1273
3.1275
3.1277
3.1276
3.1246
3.1266
3.1271
3.1266
3.1266
3.1267
3.1270
3.1266
3.1271
3.1272
3.1268
3.1267
3.1270
3.1269
3.1268
3.1262
3.1261
3.1261
3.1258
3.1268
3.1270
3.1274
3.1275
3.1275
3.1272
3.1271
3.1271
3.1277
3.1265
3.1265
3.1265
3.1267
3.1273
3.1271
3.1270
3.1273
3.1277
3.1267
3.1266
3.1272
3.1269
3.1257
3.1281
3.1274
3.1272
3.1270
3.1267
3.1269
3.1271
3.1278
3.1266
3.1260
3.1268
3.1268
3.1287
3.1276
3.1266
3.1267
3.1269
3.1274
3.1264
3.1263
3.1267
3.1268
3.1270
3.1273
3.1276
3.1268
3.1266
3.1265
3.1267
3.1281
3.1275
3.1267
3.1275
3.1273
3.1278
3.1275
3.1270
3.1272
3.1272
3.1268
3.1269
3.1264
3.1270
3.1273
3.1266
3.1267
3.1270
3.1272
3.1274
3.1270
3.1270
3.1270
3.1270
3.1261
3.1269
3.1260
3.1264
3.1261
3.1273
3.1279
3.1273
3.1273
3.1271
3.1270
3.1264
3.1264
3.1267
3.1268
3.1256
3.1271
3.1280
3.1279
3.1277
3.1275
3.1275
3.1275
3.1275
3.1272
3.1271
3.1269
3.1270
3.1270
3.1271
3.1277
3.1273
3.1263
3.1268
3.1258
3.1267
3.1260
3.1270
3.1276
3.1270
3.1270
3.1275
3.1275
3.1270
3.1270
3.1269
3.1271
3.1272
3.1271
3.1270
3.1269
3.1261
3.1267
3.1268
3.1262
3.1269
3.1269
3.1266
3.1266
3.1268
3.1277
3.1275
3.1272
3.1268
3.1270
3.1268
3.1269
3.1273
3.1276
3.1278
3.1270
3.1270
3.1279
3.1264
3.1266
3.1262
3.1267
3.1272
3.1279
3.1257
3.1279
3.1273
3.1267
3.1266
3.1264
3.1268
3.1260
3.1277
3.1277
3.1271
3.1261
3.1263
3.1268
3.1262
3.1276
3.1272
3.1274
3.1262
3.1275
3.1273
3.1267
3.1245
3.1276
3.1271
3.1267
3.1272
3.1267
3.1274
3.1267
3.1271
3.1270
3.1269
3.1270
3.1271
3.1280
3.1277
3.1274
3.1271
3.1278
3.1265
3.1253
3.1275
3.1277
3.1272
3.1273
3.1281
3.1279
3.1275
3.1267
3.1260
3.1268
3.1268
3.1278
3.1282
3.1275
3.1270
3.1276
3.1273
3.1268
3.1281
3.1259
3.1270
3.1268
3.1269
3.1272
3.1271
3.1253
3.1266
3.1273
3.1275
3.1275
3.1274
3.1273
3.1274
3.1274
3.1275
3.1276
3.1275
3.1268
3.1271
3.1277
3.1263
3.1271
3.1276
3.1275
3.1268
3.1273
3.1272
3.1273
3.1274
3.1274
3.1266
3.1272
3.1274
3.1268
3.1268
3.1272
3.1273
3.1273
3.1273
3.1271
3.1268
3.1273
3.1278
3.1277
3.1276
3.1275
3.1274
3.1286
3.1267
3.1274
3.1272
3.1268
3.1266
3.1273
3.1273
3.1276
3.1277
3.1275
3.1269
3.1264
3.1279
3.1273
3.1273
3.1278
3.1267
3.1270
3.1267
3.1268
3.1272
3.1273
3.1273
3.1274
3.1273
3.1265
3.1271
3.1274
3.1280
3.1279
3.1276
3.1274
3.1268
3.1270
3.1265
3.1265
3.1261
3.1283
3.1279
3.1274
3.1269
3.1272
3.1276
3.1277
3.1278
3.1273
3.1272
3.1273
3.1282
3.1280
3.1276
3.1274
3.1277
3.1276
3.1271
3.1271
3.1277
3.1276
3.1272
3.1273
3.1269
3.1267
3.1268
3.1275
3.1278
3.1252
3.1272
3.1278
3.1278
3.1278
3.1278
3.1278
3.1278
3.1277
3.1248
3.1268
3.1259
3.1263
3.1260
3.1276
3.1279
3.1281
3.1277
3.1274
3.1272
3.1268
3.1268
3.1267
3.1272
3.1274
3.1276
3.1274
3.1275
3.1256
3.1271
3.1268
3.1274
3.1264
3.1271
3.1266
3.1276
3.1276
3.1268
3.1273
3.1274
3.1273
3.1273
3.1274
3.1275
3.1267
3.1271
3.1271
3.1270
3.1271
3.1272
3.1269
3.1268
3.1267
3.1269
3.1258
3.1271
3.1280
3.1276
3.1274
3.1275
3.1276
3.1275
3.1274
3.1275
3.1276
3.1275
3.1267
3.1264
3.1274
3.1275
3.1275
3.1274
3.1251
3.1271
3.1271
3.1275
3.1274
3.1270
3.1267
3.1268
3.1263
3.1258
3.1263
3.1268
3.1268
3.1268
3.1267
3.1266
3.1267
3.1268
3.1266
3.1265
3.1265
3.1274
3.1269
3.1264
3.1267
3.1270
3.1261
3.1271
3.1274
3.1273
3.1268
3.1255
3.1263
3.1275
3.1277
3.1276
3.1275
3.1275
3.1275
3.1268
3.1276
3.1279
3.1274
3.1273
3.1284
3.1259
3.1264
3.1265
3.1270
3.1271
3.1275
3.1268
3.1264
3.1267
3.1271
3.1272
3.1258
3.1273
3.1271
3.1269
