sample_name = a520_freeze_hydrophobic_treatment
size = 1000um
dry=3.226
pan=2.574
H = 80%rh
time=1sec

3.2327
3.2310
3.2344
3.2321
3.2324
3.2332
3.2352
3.2354
3.2349
3.2359
3.2349
3.2380
3.2368
3.2371
3.2356
3.2382
3.2381
3.2385
3.2379
3.2382
3.2388
3.2402
3.2417
3.2414
3.2424
3.2411
3.2423
3.2421
3.2420
3.2436
3.2431
3.2435
3.2445
3.2431
3.2441
3.2431
3.2452
3.2469
3.2466
3.2455
3.2447
3.2466
3.2469
3.2467
3.2486
3.2491
3.2484
3.2488
3.2506
3.2499
3.2491
3.2492
3.2494
3.2478
3.2500
3.2499
3.2488
3.2501
3.2528
3.2525
3.2538
3.2533
3.2537
3.2510
3.2549
3.2551
3.2561
3.2558
3.2544
3.2556
3.2571
3.2571
3.2575
3.2567
3.2566
3.2568
3.2566
3.2578
3.2580
3.2585
3.2582
3.2575
3.2598
3.2597
3.2611
3.2607
3.2605
3.2602
3.2631
3.2623
3.2612
3.2619
3.2620
3.2625
3.2644
3.2641
3.2656
3.2646
3.2648
3.2646
3.2638
3.2653
3.2649
3.2658
3.2664
3.2672
3.2661
3.2678
3.2676
3.2682
3.2681
3.2677
3.2697
3.2692
3.2700
3.2682
3.2693
3.2695
3.2690
3.2690
3.2710
3.2705
3.2714
3.2734
3.2728
3.2723
3.2735
3.2739
3.2728
3.2737
3.2722
3.2744
3.2741
3.2735
3.2756
3.2755
3.2743
3.2747
3.2746
3.2775
3.2767
3.2762
3.2761
3.2781
3.2780
3.2776
3.2787
3.2781
3.2778
3.2790
3.2797
3.2800
3.2795
3.2793
3.2806
3.2811
3.2806
3.2822
3.2827
3.2819
3.2825
3.2823
3.2833
3.2817
3.2842
3.2831
3.2833
3.2852
3.2853
3.2848
3.2836
3.2853
3.2828
3.2858
3.2853
3.2856
3.2859
3.2862
3.2868
3.2869
3.2885
3.2852
3.2884
3.2873
3.2874
3.2870
3.2882
3.2885
3.2893
3.2891
3.2889
3.2891
3.2900
3.2903
3.2886
3.2892
3.2898
3.2919
3.2913
3.2920
3.2934
3.2922
3.2918
3.2940
3.2940
3.2946
3.2941
3.2922
3.2928
3.2937
3.2938
3.2940
3.2958
3.2960
3.2964
3.2962
3.2953
3.2963
3.2974
3.2962
3.2976
3.2954
3.2988
3.2967
3.2979
3.2970
3.2991
3.2991
3.2974
3.2973
3.2977
3.2999
3.3006
3.2993
3.3003
3.2990
3.3014
3.3021
3.3017
3.3016
3.3003
3.3007
3.3013
3.3029
3.3022
3.3023
3.3037
3.3044
3.3053
3.3045
3.3029
3.3035
3.3040
3.3046
3.3047
3.3046
3.3072
3.3078
3.3041
3.3055
3.3077
3.3070
3.3068
3.3071
3.3053
3.3058
3.3065
3.3064
3.3075
3.3089
3.3072
3.3080
3.3091
3.3088
3.3103
3.3086
3.3117
3.3121
3.3129
3.3117
3.3114
3.3092
3.3100
3.3115
3.3113
3.3110
3.3127
3.3122
3.3132
3.3118
3.3125
3.3124
3.3124
3.3104
3.3137
3.3130
3.3141
3.3154
3.3138
3.3137
3.3152
3.3154
3.3145
3.3140
3.3164
3.3170
3.3153
3.3140
3.3160
3.3159
3.3152
3.3179
3.3166
3.3192
3.3186
3.3161
3.3170
3.3174
3.3190
3.3197
3.3196
3.3178
3.3193
3.3197
3.3206
3.3214
3.3214
3.3203
3.3201
3.3199
3.3200
3.3196
3.3218
3.3214
3.3188
3.3211
3.3214
3.3205
3.3224
3.3233
3.3221
3.3216
3.3219
3.3218
3.3217
3.3218
3.3231
3.3231
3.3230
3.3249
3.3245
3.3242
3.3241
3.3239
3.3240
3.3223
3.3253
3.3267
3.3248
3.3254
3.3263
3.3269
3.3269
3.3265
3.3270
3.3263
3.3261
3.3264
3.3273
3.3275
3.3292
3.3283
3.3281
3.3277
3.3290
3.3281
3.3282
3.3288
3.3291
3.3295
3.3304
3.3297
3.3301
3.3310
3.3311
3.3306
3.3319
3.3318
3.3316
3.3310
3.3309
3.3331
3.3321
3.3310
3.3309
3.3312
3.3334
3.3330
3.3336
3.3299
3.3310
3.3326
3.3321
3.3326
3.3333
3.3331
3.3346
3.3354
3.3372
3.3370
3.3360
3.3351
3.3352
3.3351
3.3346
3.3362
3.3373
3.3357
3.3348
3.3364
3.3372
3.3380
3.3365
3.3381
3.3358
3.3382
3.3389
3.3389
3.3365
3.3371
3.3375
3.3378
3.3370
3.3396
3.3405
3.3402
3.3396
3.3380
3.3400
3.3410
3.3408
3.3393
3.3411
3.3390
3.3398
3.3404
3.3405
3.3407
3.3420
3.3422
3.3413
3.3417
3.3420
3.3414
3.3432
3.3437
3.3434
3.3445
3.3447
3.3435
3.3441
3.3438
3.3454
3.3447
3.3442
3.3437
3.3453
3.3442
3.3459
3.3471
3.3433
3.3442
3.3455
3.3471
3.3469
3.3470
3.3447
3.3469
3.3464
3.3472
3.3475
3.3458
3.3460
3.3460
3.3492
3.3486
3.3480
3.3488
3.3490
3.3484
3.3478
3.3491
3.3494
3.3488
3.3471
3.3486
3.3510
3.3494
3.3502
3.3509
3.3520
3.3516
3.3515
3.3496
3.3505
3.3509
3.3518
3.3518
3.3502
3.3524
3.3514
3.3515
3.3539
3.3534
3.3520
3.3525
3.3532
3.3520
3.3543
3.3544
3.3545
3.3547
3.3544
3.3542
3.3532
3.3555
3.3546
3.3559
3.3547
3.3546
3.3551
3.3541
3.3561
3.3562
3.3558
3.3557
3.3571
3.3576
3.3577
3.3559
3.3576
3.3577
3.3576
3.3571
3.3572
3.3574
3.3575
3.3592
3.3557
3.3591
3.3604
3.3589
3.3581
3.3608
3.3583
3.3591
3.3589
3.3603
3.3611
3.3612
3.3615
3.3609
3.3590
3.3614
3.3609
3.3625
3.3614
3.3614
3.3609
3.3615
3.3610
3.3631
3.3631
3.3623
3.3638
3.3619
3.3631
3.3666
3.3644
3.3631
3.3632
3.3634
3.3635
3.3640
3.3641
3.3664
3.3648
3.3669
3.3660
3.3652
3.3657
3.3656
3.3667
3.3662
3.3659
3.3659
3.3684
3.3668
3.3678
3.3674
3.3674
3.3693
3.3675
3.3676
3.3681
3.3678
3.3680
3.3688
3.3685
3.3671
3.3680
3.3701
3.3708
3.3698
3.3690
3.3707
3.3694
3.3702
3.3698
3.3703
3.3694
3.3701
3.3711
3.3716
3.3709
3.3717
3.3712
3.3715
3.3727
3.3718
3.3734
3.3715
3.3718
3.3718
3.3744
3.3734
3.3721
3.3723
3.3723
3.3737
3.3741
3.3729
3.3735
3.3728
3.3744
3.3747
3.3746
3.3715
3.3737
3.3759
3.3748
3.3764
3.3734
3.3758
3.3744
3.3760
3.3768
3.3745
3.3768
3.3761
3.3764
3.3763
3.3764
3.3755
3.3766
3.3775
3.3779
3.3767
3.3785
3.3779
3.3791
3.3799
3.3764
3.3802
3.3788
3.3795
3.3794
3.3792
3.3808
3.3802
3.3795
3.3807
3.3816
3.3821
3.3804
3.3811
3.3816
3.3815
3.3807
3.3821
3.3820
3.3828
3.3795
3.3806
3.3825
3.3819
3.3829
3.3839
3.3831
3.3832
3.3831
3.3812
3.3810
3.3836
3.3842
3.3811
3.3824
3.3839
3.3855
3.3843
3.3848
3.3842
3.3839
3.3849
3.3854
3.3875
3.3836
3.3846
3.3852
3.3869
3.3859
3.3858
3.3834
3.3856
3.3860
3.3852
3.3861
3.3866
3.3874
3.3863
3.3863
3.3873
3.3883
3.3891
3.3896
3.3891
3.3895
3.3882
3.3876
3.3894
3.3895
3.3879
3.3890
3.3888
3.3854
3.3883
3.3900
3.3899
3.3884
3.3904
3.3910
3.3911
3.3905
3.3906
3.3905
3.3867
3.3896
3.3916
3.3933
3.3900
3.3913
3.3917
3.3924
3.3926
3.3925
3.3910
3.3920
3.3908
3.3931
3.3930
3.3938
3.3902
3.3936
3.3948
3.3946
3.3927
3.3949
3.3942
3.3932
3.3939
3.3914
3.3941
3.3942
3.3958
3.3961
3.3960
3.3952
3.3956
3.3956
3.3955
3.3966
3.3957
3.3966
3.3963
3.3966
3.3952
3.3973
3.3965
3.3944
3.3969
3.3960
3.3971
3.3941
3.3971
3.3947
3.3958
3.3965
3.3975
3.3989
3.3969
3.3971
3.3991
3.3988
3.3995
3.3981
3.3990
3.3995
3.3999
3.3969
3.3991
3.3983
3.3991
3.4018
3.4014
3.4011
3.4007
3.4009
3.4006
3.4002
3.3996
3.4007
3.4026
3.4009
3.4025
3.4027
3.4028
3.4028
3.3991
3.4029
3.4020
3.4004
3.4027
3.4028
3.4028
3.4025
3.4040
3.4027
3.4023
3.4032
3.4045
3.4056
3.4046
3.4042
3.4034
3.4040
3.4058
3.4045
3.4030
3.4049
3.4061
3.4044
3.4050
3.4023
3.4055
3.4060
3.4050
3.4068
3.4053
3.4070
3.4074
3.4041
3.4059
3.4045
3.4071
3.4076
3.4070
3.4069
3.4068
3.4071
3.4070
3.4085
3.4084
3.4086
3.4082
3.4063
3.4081
3.4094
3.4088
3.4090
3.4078
3.4074
3.4073
3.4094
3.4113
3.4108
3.4072
3.4080
3.4078
3.4080
3.4080
3.4088
3.4109
3.4101
3.4117
3.4088
3.4108
3.4088
3.4099
3.4102
3.4106
3.4113
3.4133
3.4129
3.4115
3.4125
3.4089
3.4115
3.4108
3.4120
3.4108
3.4120
3.4136
3.4125
3.4126
3.4135
3.4136
3.4118
3.4114
3.4129
3.4127
3.4148
3.4131
3.4149
3.4144
3.4135
3.4131
3.4136
3.4140
3.4138
3.4151
3.4158
3.4162
3.4140
3.4137
3.4155
3.4148
3.4156
3.4161
3.4151
3.4161
3.4139
3.4137
3.4141
3.4151
3.4156
3.4141
3.4165
3.4169
3.4167
3.4160
3.4147
3.4168
3.4174
3.4167
3.4156
3.4166
3.4166
3.4189
3.4187
3.4189
3.4189
3.4198
3.4174
3.4186
3.4195
3.4185
3.4186
3.4170
3.4204
3.4200
3.4197
3.4169
3.4196
3.4199
3.4177
3.4203
3.4202
3.4197
3.4210
3.4203
3.4211
3.4199
3.4198
3.4200
3.4194
3.4224
3.4225
3.4199
3.4195
3.4211
3.4218
3.4207
3.4213
3.4213
3.4211
3.4220
3.4218
3.4216
3.4224
3.4234
3.4229
3.4221
3.4210
3.4220
3.4224
3.4215
3.4232
3.4237
3.4217
3.4213
3.4234
3.4232
3.4224
3.4248
3.4221
3.4214
3.4248
3.4229
3.4237
3.4247
3.4223
3.4225
3.4242
3.4265
3.4256
3.4251
3.4223
3.4246
3.4248
3.4260
3.4261
3.4221
3.4256
3.4258
3.4261
3.4261
3.4245
3.4256
3.4262
3.4229
3.4255
3.4243
3.4263
3.4254
3.4264
3.4275
3.4268
3.4256
3.4255
3.4268
3.4263
3.4265
3.4269
3.4253
3.4253
3.4259
3.4262
3.4261
3.4262
3.4285
3.4263
3.4268
3.4284
3.4294
3.4291
3.4293
3.4293
3.4289
3.4290
3.4288
3.4282
3.4293
3.4287
3.4292
3.4289
3.4288
3.4289
3.4306
3.4311
3.4298
3.4302
3.4301
3.4314
3.4313
3.4285
3.4301
3.4298
3.4295
3.4292
3.4300
3.4286
3.4299
3.4313
3.4314
3.4289
3.4306
3.4312
3.4311
3.4307
3.4311
3.4321
3.4326
3.4320
3.4323
3.4315
3.4321
3.4299
3.4320
3.4334
3.4339
3.4320
3.4324
3.4315
3.4327
3.4337
3.4334
3.4320
3.4325
3.4331
3.4332
3.4329
3.4340
3.4341
3.4330
3.4333
3.4337
3.4340
3.4349
3.4355
3.4339
3.4306
3.4340
3.4331
3.4354
3.4336
3.4316
3.4336
3.4336
3.4331
3.4315
3.4318
3.4335
3.4349
3.4358
3.4359
3.4328
3.4351
3.4334
3.4331
3.4335
3.4354
3.4364
3.4343
3.4350
3.4358
3.4374
3.4364
3.4365
3.4364
3.4362
3.4344
3.4351
3.4352
3.4381
3.4375
3.4375
3.4377
3.4368
3.4367
3.4370
3.4373
3.4347
3.4369
3.4393
3.4361
3.4375
3.4372
3.4375
3.4397
3.4396
3.4377
3.4379
3.4371
3.4391
3.4375
3.4380
3.4380
3.4370
3.4377
3.4390
3.4380
3.4394
3.4372
3.4394
3.4396
3.4410
3.4396
3.4405
3.4404
3.4395
3.4397
3.4382
3.4380
3.4385
3.4373
3.4404
3.4399
3.4403
3.4400
3.4398
3.4397
3.4398
3.4406
3.4412
3.4415
3.4394
3.4388
3.4422
3.4408
3.4397
3.4412
3.4403
3.4403
3.4406
3.4412
3.4412
3.4409
3.4405
3.4412
3.4411
3.4422
3.4426
3.4426
3.4423
3.4406
3.4420
3.4416
3.4420
3.4428
3.4415
3.4412
3.4415
3.4431
3.4423
3.4429
3.4429
3.4433
3.4403
3.4440
3.4405
3.4415
3.4433
3.4434
3.4449
3.4440
3.4409
3.4441
3.4432
3.4431
3.4440
3.4430
3.4454
3.4443
3.4446
3.4451
3.4438
3.4402
3.4445
3.4445
3.4445
3.4448
3.4432
3.4427
3.4430
3.4451
3.4449
3.4437
3.4450
3.4451
3.4456
3.4437
3.4445
3.4444
3.4423
3.4424
3.4444
3.4445
3.4440
3.4446
3.4451
3.4461
3.4435
3.4446
3.4449
3.4449
3.4451
3.4461
3.4440
3.4467
3.4455
3.4463
3.4482
3.4470
3.4471
3.4468
3.4467
3.4482
3.4457
3.4477
3.4474
3.4448
3.4466
3.4458
3.4468
3.4465
3.4463
3.4485
3.4481
3.4460
3.4454
3.4460
3.4464
3.4473
3.4474
3.4478
3.4477
3.4493
3.4472
3.4479
3.4479
3.4458
3.4468
3.4475
3.4476
3.4476
3.4485
3.4489
3.4473
3.4477
3.4481
3.4486
3.4487
3.4487
3.4492
3.4494
3.4473
3.4483
3.4463
3.4486
3.4495
3.4494
3.4486
3.4485
3.4503
3.4500
3.4506
3.4498
3.4491
3.4502
3.4494
3.4495
3.4493
3.4497
3.4505
3.4500
3.4499
3.4499
3.4483
3.4508
3.4498
3.4498
3.4483
3.4490
3.4486
3.4489
3.4490
3.4514
3.4491
3.4506
3.4494
3.4518
3.4508
3.4493
3.4514
3.4502
3.4507
3.4510
3.4514
3.4506
3.4507
3.4506
3.4509
3.4520
3.4516
3.4521
3.4520
3.4520
3.4501
3.4521
3.4498
3.4521
3.4513
3.4504
3.4517
3.4517
3.4528
3.4510
3.4524
3.4527
3.4524
3.4522
3.4508
3.4539
3.4537
3.4514
3.4533
3.4510
3.4550
3.4526
3.4528
3.4529
3.4536
3.4524
3.4516
3.4514
3.4533
3.4533
3.4527
3.4521
3.4538
3.4533
3.4528
3.4529
3.4506
3.4511
3.4527
3.4546
3.4534
3.4539
3.4550
3.4527
3.4524
3.4545
3.4527
3.4547
3.4548
3.4550
3.4537
3.4542
3.4539
3.4549
3.4541
3.4541
3.4521
3.4532
3.4546
3.4546
3.4546
3.4549
3.4551
3.4548
3.4533
3.4555
3.4553
3.4551
3.4539
3.4538
3.4566
3.4568
3.4561
3.4540
3.4549
3.4559
3.4552
3.4554
3.4553
3.4555
3.4556
3.4552
3.4564
3.4554
3.4552
3.4559
3.4546
3.4569
3.4568
3.4540
3.4568
3.4554
3.4554
3.4563
3.4561
3.4557
3.4565
3.4567
3.4559
3.4559
3.4556
3.4552
3.4559
3.4568
3.4556
3.4561
3.4566
3.4569
3.4558
3.4579
3.4574
3.4567
3.4580
3.4577
3.4588
3.4583
3.4571
3.4568
3.4581
3.4576
3.4562
3.4577
3.4568
3.4570
3.4578
3.4583
3.4570
3.4569
3.4562
3.4577
3.4576
3.4577
3.4556
3.4570
3.4570
3.4588
3.4573
3.4577
3.4584
3.4596
3.4572
3.4599
3.4587
3.4584
3.4575
3.4606
3.4575
3.4570
3.4583
3.4589
3.4573
3.4580
3.4590
3.4578
3.4600
3.4590
3.4577
3.4596
3.4572
3.4571
3.4576
3.4580
3.4577
3.4582
3.4586
3.4585
3.4574
3.4585
3.4592
3.4583
3.4572
3.4607
3.4585
3.4576
3.4593
3.4595
3.4591
3.4598
3.4588
3.4600
3.4593
3.4586
3.4599
3.4583
3.4610
3.4609
3.4600
3.4591
3.4590
3.4598
3.4609
3.4607
3.4614
3.4594
3.4596
3.4593
3.4597
3.4620
3.4598
3.4593
3.4592
3.4599
3.4603
3.4598
3.4594
3.4594
3.4600
3.4583
3.4609
3.4605
3.4608
3.4615
3.4611
3.4631
3.4620
3.4616
3.4603
3.4606
3.4607
3.4621
3.4609
3.4606
3.4602
3.4615
3.4604
3.4619
3.4625
3.4628
3.4625
3.4614
3.4615
3.4612
3.4613
3.4613
3.4620
3.4625
3.4608
3.4622
3.4630
3.4612
3.4611
3.4611
3.4626
3.4617
3.4619
3.4622
3.4609
3.4638
3.4622
3.4622
3.4627
3.4623
3.4624
3.4624
3.4628
3.4631
3.4639
3.4619
3.4625
3.4615
3.4620
3.4636
3.4621
3.4614
3.4622
3.4617
3.4622
3.4620
3.4625
3.4638
3.4640
3.4641
3.4623
3.4646
3.4635
3.4638
3.4630
3.4620
3.4605
3.4626
3.4627
3.4613
3.4642
3.4630
3.4622
3.4610
3.4636
3.4645
3.4633
3.4622
3.4633
3.4632
3.4632
3.4638
3.4620
3.4628
3.4612
3.4641
3.4637
3.4633
3.4633
3.4639
3.4640
3.4632
3.4618
3.4648
3.4640
3.4638
3.4638
3.4639
3.4633
3.4640
3.4615
3.4634
3.4667
3.4645
3.4645
3.4646
3.4645
3.4653
3.4654
3.4653
3.4638
3.4642
3.4654
3.4659
3.4640
3.4642
3.4651
3.4628
3.4634
3.4651
3.4646
3.4646
3.4654
3.4649
3.4656
3.4647
3.4655
3.4673
3.4669
3.4664
3.4662
3.4653
3.4651
3.4653
3.4661
3.4652
3.4674
3.4653
3.4655
3.4657
3.4639
3.4642
3.4647
3.4654
3.4647
3.4654
3.4624
3.4655
3.4653
3.4659
3.4663
3.4669
3.4652
3.4677
3.4653
3.4657
3.4664
3.4671
3.4672
3.4671
3.4636
3.4671
3.4675
3.4675
3.4654
3.4666
3.4665
3.4686
3.4679
3.4671
3.4674
3.4654
3.4659
3.4630
3.4676
3.4645
3.4678
3.4667
3.4670
3.4665
3.4659
3.4680
3.4692
3.4671
3.4693
3.4679
3.4680
3.4674
3.4671
3.4676
3.4662
3.4660
3.4662
3.4669
3.4683
3.4654
3.4671
3.4674
3.4651
3.4660
3.4669
3.4660
3.4668
3.4677
3.4677
3.4687
3.4648
3.4679
3.4673
3.4644
3.4696
3.4675
3.4674
3.4650
3.4661
3.4679
3.4684
3.4682
3.4673
3.4664
3.4671
3.4675
3.4669
3.4675
3.4675
3.4664
3.4691
3.4661
3.4686
3.4685
3.4693
3.4692
3.4672
3.4670
3.4675
3.4668
3.4692
3.4686
3.4697
3.4688
3.4691
3.4689
3.4670
3.4696
3.4700
3.4694
3.4686
3.4681
3.4703
3.4690
3.4700
3.4682
3.4684
3.4695
3.4689
3.4688
3.4662
3.4687
3.4701
3.4702
3.4687
3.4700
3.4694
3.4695
3.4698
3.4696
3.4698
3.4697
3.4699
3.4708
3.4682
3.4682
3.4664
3.4698
3.4699
3.4706
3.4708
3.4682
3.4705
3.4712
3.4680
3.4683
3.4687
3.4696
3.4708
3.4709
3.4708
3.4684
3.4710
3.4697
3.4707
3.4708
3.4703
3.4700
3.4711
3.4696
3.4702
3.4708
3.4706
3.4704
3.4708
3.4701
3.4703
3.4684
3.4694
3.4694
3.4708
3.4701
3.4706
3.4708
3.4705
3.4707
3.4698
3.4702
3.4697
3.4719
3.4710
3.4712
3.4702
3.4721
3.4717
3.4696
3.4718
3.4704
3.4704
3.4716
3.4705
3.4672
3.4704
3.4704
3.4710
3.4712
3.4692
3.4723
3.4717
3.4689
3.4717
3.4720
3.4699
3.4710
3.4708
3.4713
3.4722
3.4709
3.4696
3.4703
3.4712
3.4719
3.4722
3.4710
3.4693
3.4703
3.4714
3.4718
3.4714
3.4714
3.4720
3.4718
3.4723
3.4729
3.4700
3.4722
3.4720
3.4704
3.4722
3.4712
3.4723
3.4722
3.4725
3.4719
3.4712
3.4725
3.4705
3.4717
3.4723
3.4717
3.4715
3.4715
3.4707
3.4715
3.4716
3.4721
3.4722
3.4723
3.4718
3.4712
3.4708
3.4731
3.4737
3.4733
3.4731
3.4699
3.4739
3.4698
3.4737
3.4718
3.4732
3.4720
3.4734
3.4726
3.4729
3.4734
3.4734
3.4734
3.4723
3.4727
3.4717
3.4742
3.4727
3.4728
3.4725
3.4744
3.4720
3.4728
3.4717
3.4738
3.4721
3.4731
3.4750
3.4722
3.4721
3.4730
3.4732
3.4727
3.4730
3.4718
3.4731
3.4738
3.4735
3.4725
3.4736
3.4741
3.4737
3.4741
3.4731
3.4731
3.4724
3.4727
3.4733
3.4736
3.4743
3.4731
3.4741
3.4740
3.4718
3.4743
3.4743
3.4707
3.4743
3.4740
3.4742
3.4734
3.4729
3.4742
3.4723
3.4719
3.4749
3.4761
3.4734
3.4738
3.4736
3.4747
3.4749
3.4742
3.4743
3.4744
3.4734
3.4749
3.4750
3.4750
3.4727
3.4760
3.4738
3.4726
3.4734
3.4742
3.4739
3.4743
3.4757
3.4746
3.4740
3.4745
3.4753
3.4751
3.4763
3.4754
3.4759
3.4729
3.4752
3.4747
3.4751
3.4758
3.4752
3.4754
3.4758
3.4757
3.4752
3.4740
3.4749
3.4764
3.4749
3.4726
3.4742
3.4765
3.4740
3.4751
3.4751
3.4764
3.4747
3.4754
3.4751
3.4739
3.4735
3.4749
3.4775
3.4752
3.4760
3.4754
3.4748
3.4758
3.4763
3.4744
3.4742
3.4766
3.4777
3.4764
3.4761
3.4764
3.4720
3.4755
3.4749
3.4757
3.4753
3.4750
3.4764
3.4759
3.4775
3.4761
3.4744
3.4751
3.4757
3.4753
3.4748
3.4773
3.4752
3.4761
3.4764
3.4739
3.4766
3.4766
3.4772
3.4778
3.4758
3.4755
3.4747
3.4771
3.4777
3.4754
3.4753
3.4773
3.4773
3.4780
3.4766
3.4775
3.4779
3.4761
3.4768
3.4768
3.4781
3.4752
3.4765
3.4747
3.4773
3.4771
3.4775
3.4769
3.4759
3.4779
3.4761
3.4769
3.4778
3.4754
3.4765
3.4778
3.4774
3.4772
3.4760
3.4752
3.4774
3.4791
3.4785
3.4783
3.4779
3.4768
3.4763
3.4774
3.4776
3.4773
3.4772
3.4777
3.4777
3.4758
3.4755
3.4776
3.4794
3.4759
3.4777
3.4775
3.4773
3.4782
3.4784
3.4769
3.4774
3.4777
3.4769
3.4780
3.4777
3.4786
3.4776
3.4769
3.4761
3.4758
3.4781
3.4770
3.4773
3.4759
3.4744
3.4770
3.4783
3.4782
3.4747
3.4766
3.4778
3.4777
3.4769
3.4795
3.4796
3.4786
3.4793
3.4766
3.4743
3.4771
3.4795
3.4789
3.4776
3.4760
3.4769
3.4767
3.4768
3.4777
3.4783
3.4802
3.4778
3.4775
3.4778
3.4787
3.4783
3.4777
3.4792
3.4777
3.4775
3.4785
3.4784
3.4768
3.4760
3.4773
3.4786
3.4770
3.4799
3.4793
3.4787
3.4784
3.4779
3.4784
3.4786
3.4796
3.4791
3.4787
3.4770
3.4780
3.4804
3.4801
3.4782
3.4777
3.4779
3.4782
3.4791
3.4792
3.4775
3.4784
3.4787
3.4775
3.4786
3.4787
3.4789
3.4787
3.4790
3.4791
3.4793
3.4795
3.4791
3.4796
3.4799
3.4778
3.4780
3.4793
3.4783
3.4791
3.4788
3.4800
3.4793
3.4796
3.4777
3.4806
3.4810
3.4813
3.4803
3.4801
3.4803
3.4799
3.4795
3.4783
3.4807
3.4794
3.4792
3.4802
3.4801
3.4803
3.4801
3.4806
3.4804
3.4791
3.4795
3.4816
3.4803
3.4801
3.4797
3.4798
3.4791
3.4779
3.4793
3.4802
3.4809
3.4792
3.4800
3.4790
3.4789
3.4807
3.4798
3.4798
3.4808
3.4784
3.4788
3.4811
3.4804
3.4772
3.4785
3.4824
3.4806
3.4799
3.4802
3.4794
3.4792
3.4798
3.4811
3.4816
3.4807
3.4816
3.4805
3.4789
3.4814
3.4815
3.4820
3.4818
3.4803
3.4811
3.4818
3.4793
3.4783
3.4791
3.4802
3.4817
3.4814
3.4815
3.4789
3.4799
3.4791
3.4796
3.4804
3.4802
3.4800
3.4778
3.4784
3.4816
3.4796
3.4795
3.4796
3.4811
3.4809
3.4814
3.4814
3.4805
3.4806
3.4806
3.4811
3.4809
3.4817
3.4804
3.4798
3.4816
3.4815
3.4802
3.4801
3.4823
3.4820
3.4823
3.4813
3.4792
3.4794
3.4816
3.4798
3.4815
3.4805
3.4801
3.4822
3.4821
3.4816
3.4810
3.4802
3.4798
3.4829
3.4817
3.4823
3.4815
3.4803
3.4804
3.4821
3.4810
3.4808
3.4804
3.4814
3.4831
3.4830
3.4814
3.4799
3.4816
3.4806
3.4821
3.4826
3.4825
3.4820
3.4820
3.4825
3.4821
3.4818
3.4815
3.4828
3.4817
3.4821
3.4810
3.4840
3.4833
3.4826
3.4815
3.4813
3.4823
3.4821
3.4798
3.4820
3.4835
3.4821
3.4820
3.4818
3.4807
3.4830
3.4823
3.4832
3.4814
3.4803
3.4801
3.4815
3.4805
3.4828
3.4831
3.4833
3.4815
3.4816
3.4832
3.4832
3.4833
3.4813
3.4813
3.4817
3.4820
3.4824
3.4819
3.4822
3.4823
3.4819
3.4817
3.4826
3.4834
3.4813
3.4821
3.4808
3.4826
3.4839
3.4825
3.4819
3.4823
3.4845
3.4830
3.4826
3.4819
3.4830
3.4831
3.4840
3.4828
3.4811
3.4812
3.4831
3.4814
3.4829
3.4836
3.4801
3.4828
3.4817
3.4843
3.4830
3.4827
3.4851
3.4843
3.4839
3.4833
3.4834
3.4820
3.4832
3.4838
3.4843
3.4830
3.4834
3.4825
3.4834
3.4827
3.4837
3.4820
3.4836
3.4833
3.4829
3.4842
3.4852
3.4835
3.4840
3.4840
3.4828
3.4835
3.4826
3.4834
3.4817
3.4834
3.4843
3.4846
3.4827
3.4821
3.4852
3.4858
3.4842
3.4846
3.4846
3.4821
3.4830
3.4837
3.4846
3.4845
3.4835
3.4838
3.4854
3.4843
3.4841
3.4831
3.4845
3.4841
3.4837
3.4847
3.4849
3.4853
3.4861
3.4849
3.4825
3.4832
3.4833
3.4827
3.4847
3.4847
3.4851
3.4840
3.4840
3.4840
3.4838
3.4830
3.4852
3.4845
3.4833
3.4838
3.4831
3.4841
3.4831
3.4825
3.4848
3.4845
3.4844
3.4838
3.4853
3.4836
3.4848
3.4844
3.4831
3.4847
3.4841
3.4845
3.4833
3.4853
3.4849
3.4852
3.4861
3.4829
3.4836
3.4871
3.4861
3.4843
3.4844
3.4864
3.4858
3.4835
3.4845
3.4850
3.4847
3.4851
3.4827
3.4862
3.4861
3.4855
3.4859
3.4855
3.4848
3.4842
3.4843
3.4845
3.4848
3.4850
3.4836
3.4838
3.4835
3.4849
3.4833
3.4854
3.4860
3.4861
3.4851
3.4840
3.4850
3.4843
3.4847
3.4836
3.4856
3.4852
3.4837
3.4860
3.4861
3.4858
3.4842
3.4850
3.4845
3.4843
3.4870
3.4840
3.4856
3.4855
3.4828
3.4848
3.4865
3.4856
3.4848
3.4856
3.4859
3.4849
3.4858
3.4861
3.4867
3.4856
3.4852
3.4856
3.4855
3.4852
3.4844
3.4871
3.4866
3.4866
3.4866
3.4844
3.4873
3.4860
3.4859
3.4838
3.4837
3.4852
3.4856
3.4850
3.4862
3.4849
3.4868
3.4836
3.4854
3.4862
3.4868
3.4861
3.4876
3.4866
3.4850
3.4858
3.4856
3.4850
3.4875
3.4856
3.4865
3.4866
3.4868
3.4861
3.4858
3.4862
3.4849
3.4848
3.4874
3.4872
3.4887
3.4876
3.4874
3.4862
3.4867
3.4854
3.4864
3.4860
3.4857
3.4871
3.4858
3.4857
3.4857
3.4873
3.4876
3.4871
3.4861
3.4862
3.4860
3.4872
3.4864
3.4883
3.4870
3.4846
3.4856
3.4859
3.4867
3.4863
3.4876
3.4850
3.4869
3.4881
3.4857
3.4886
3.4862
3.4872
3.4886
3.4875
3.4846
3.4857
3.4878
3.4883
3.4882
3.4878
3.4882
3.4862
3.4842
3.4860
3.4862
3.4860
3.4854
3.4850
3.4884
3.4867
3.4875
3.4884
3.4861
3.4870
3.4868
3.4870
3.4869
3.4875
3.4875
3.4873
3.4866
3.4872
3.4868
3.4868
3.4877
3.4853
3.4859
3.4874
3.4859
3.4881
3.4886
3.4854
3.4863
3.4875
3.4882
3.4878
3.4863
3.4880
3.4870
3.4880
3.4873
3.4877
3.4875
3.4883
3.4882
3.4863
3.4881
3.4886
3.4861
3.4865
3.4864
3.4873
3.4864
3.4877
3.4867
3.4872
3.4877
3.4889
3.4887
3.4872
3.4886
3.4880
3.4873
3.4880
3.4866
3.4869
3.4872
3.4871
3.4894
3.4863
3.4865
3.4888
3.4868
3.4860
3.4866
3.4872
3.4888
3.4877
3.4895
3.4892
3.4892
3.4892
3.4877
3.4895
3.4886
3.4889
3.4873
3.4865
3.4869
3.4877
3.4898
3.4883
3.4880
3.4896
3.4898
3.4892
3.4894
3.4877
3.4870
3.4875
3.4878
3.4860
3.4874
3.4891
3.4894
3.4892
3.4872
3.4885
3.4890
3.4879
3.4872
3.4876
3.4895
3.4886
3.4860
3.4876
3.4891
3.4893
3.4893
3.4896
3.4892
3.4892
3.4887
3.4891
3.4889
3.4888
3.4903
3.4889
3.4883
3.4895
3.4895
3.4890
3.4872
3.4893
3.4873
3.4874
3.4892
3.4898
3.4898
3.4895
3.4893
3.4893
3.4893
3.4873
3.4888
3.4869
3.4880
3.4881
3.4886
3.4889
3.4891
3.4897
3.4908
3.4894
3.4890
3.4900
3.4900
3.4887
3.4874
3.4885
3.4882
3.4883
3.4889
3.4880
3.4888
3.4881
3.4886
3.4886
3.4885
3.4886
3.4894
3.4870
3.4892
3.4876
3.4883
3.4896
3.4894
3.4899
3.4892
3.4881
3.4884
3.4897
3.4891
3.4888
3.4892
3.4888
3.4897
3.4888
3.4894
3.4910
3.4910
3.4910
3.4905
3.4914
3.4896
3.4896
3.4895
3.4902
3.4907
3.4899
3.4895
3.4902
3.4897
3.4900
3.4908
3.4900
3.4893
3.4889
3.4912
3.4899
3.4900
3.4891
3.4904
3.4894
3.4883
3.4891
3.4898
3.4889
3.4908
3.4903
3.4898
3.4905
3.4900
3.4876
3.4911
3.4914
3.4895
3.4896
3.4897
3.4901
3.4902
3.4881
3.4891
3.4894
3.4891
3.4893
3.4896
3.4913
3.4897
3.4910
3.4904
3.4897
3.4909
3.4923
3.4901
3.4898
3.4899
3.4894
3.4902
3.4909
3.4907
3.4903
3.4896
3.4891
3.4910
3.4900
3.4916
3.4907
3.4886
3.4915
3.4916
3.4920
3.4901
3.4895
3.4879
3.4896
3.4910
3.4909
3.4893
3.4903
3.4910
3.4901
3.4896
3.4886
3.4911
3.4906
3.4908
3.4906
3.4907
3.4890
3.4889
3.4886
3.4890
3.4911
3.4909
3.4923
3.4919
3.4912
3.4892
3.4896
3.4909
3.4909
3.4917
3.4913
3.4898
3.4920
3.4909
3.4913
3.4913
3.4912
3.4917
3.4900
3.4909
3.4907
3.4922
3.4906
3.4887
3.4887
3.4914
3.4919
3.4895
3.4895
3.4930
3.4906
3.4924
3.4893
3.4921
3.4899
3.4907
3.4921
3.4912
3.4914
3.4923
3.4903
3.4903
3.4904
3.4904
3.4901
3.4902
3.4903
3.4909
3.4918
3.4918
3.4912
3.4924
3.4920
3.4901
3.4917
3.4910
3.4881
3.4917
3.4915
3.4917
3.4897
3.4905
3.4917
3.4919
3.4900
3.4898
3.4912
3.4926
3.4928
3.4923
3.4889
3.4896
3.4924
3.4928
3.4917
3.4906
3.4926
3.4924
3.4914
3.4893
3.4930
3.4903
3.4919
3.4918
3.4922
3.4915
3.4913
3.4910
3.4906
3.4905
3.4919
3.4921
3.4916
3.4933
3.4923
3.4911
3.4905
3.4903
3.4926
3.4917
3.4921
3.4918
3.4916
3.4911
3.4910
3.4915
3.4888
3.4937
3.4937
3.4937
3.4908
3.4934
3.4906
3.4924
3.4921
3.4924
3.4905
3.4919
3.4907
3.4910
3.4924
3.4928
3.4908
3.4929
3.4920
3.4930
3.4945
3.4936
3.4941
3.4927
3.4931
3.4922
3.4933
3.4930
3.4933
3.4912
3.4936
3.4927
3.4905
3.4927
3.4911
3.4914
3.4918
3.4919
3.4936
3.4932
3.4934
3.4903
3.4920
3.4919
3.4918
3.4939
3.4940
3.4910
3.4928
3.4923
3.4921
3.4926
3.4924
3.4916
3.4936
3.4936
3.4938
3.4919
3.4925
3.4912
3.4920
3.4916
3.4916
3.4934
3.4928
3.4926
3.4924
3.4933
3.4930
3.4922
3.4925
3.4931
3.4944
3.4916
3.4919
3.4918
3.4931
3.4930
3.4926
3.4905
3.4936
3.4937
3.4922
3.4923
3.4920
3.4930
3.4911
3.4909
3.4913
3.4922
3.4941
3.4938
3.4935
3.4914
3.4919
3.4923
3.4927
3.4945
3.4909
3.4927
3.4929
3.4938
3.4923
3.4929
3.4925
3.4941
3.4912
3.4930
3.4937
3.4937
3.4938
3.4941
3.4938
3.4915
3.4927
3.4934
3.4921
3.4909
3.4939
3.4917
3.4922
3.4934
3.4944
3.4946
3.4940
3.4922
3.4921
3.4930
3.4945
3.4924
3.4933
3.4922
3.4933
3.4935
3.4939
3.4927
3.4924
3.4933
3.4935
3.4921
3.4944
3.4933
3.4936
3.4913
3.4933
3.4935
3.4943
3.4928
3.4941
3.4929
3.4936
3.4937
3.4949
3.4942
3.4945
3.4933
3.4940
3.4954
3.4899
3.4938
3.4929
3.4941
3.4936
3.4938
3.4919
3.4933
3.4926
3.4926
3.4941
3.4927
3.4929
3.4940
3.4940
3.4921
3.4935
3.4935
3.4940
3.4952
3.4947
3.4940
3.4959
3.4961
3.4939
3.4919
3.4950
3.4943
3.4946
3.4942
3.4950
3.4934
3.4929
3.4939
3.4944
3.4946
3.4941
3.4933
3.4947
3.4930
3.4931
3.4936
3.4933
3.4933
3.4939
3.4940
3.4940
3.4942
3.4928
3.4941
3.4943
3.4945
3.4939
3.4936
3.4937
3.4941
3.4937
3.4918
3.4925
3.4951
3.4944
3.4965
3.4958
3.4945
3.4941
3.4940
3.4948
3.4923
3.4941
3.4938
3.4943
3.4938
3.4960
3.4946
3.4919
3.4936
3.4938
3.4930
3.4954
3.4957
3.4943
3.4946
3.4951
3.4956
3.4958
3.4945
3.4933
3.4948
3.4956
3.4931
3.4952
3.4939
3.4952
3.4941
3.4943
3.4931
3.4951
3.4954
3.4948
3.4949
3.4946
3.4921
3.4946
3.4944
3.4942
3.4961
3.4954
3.4941
3.4941
3.4946
3.4947
3.4955
3.4954
3.4938
3.4944
3.4959
3.4929
3.4950
3.4960
3.4959
3.4966
3.4941
3.4950
3.4946
3.4952
3.4956
3.4961
3.4961
3.4963
3.4944
3.4955
3.4948
3.4949
3.4952
3.4954
3.4963
3.4922
3.4953
3.4952
3.4949
3.4954
3.4956
3.4949
3.4957
3.4951
3.4956
3.4953
3.4953
3.4956
3.4947
3.4949
3.4948
3.4946
3.4945
3.4960
3.4950
3.4956
3.4943
3.4942
3.4950
3.4970
3.4966
3.4943
3.4940
3.4956
3.4962
3.4934
3.4939
3.4962
3.4963
3.4943
3.4952
3.4952
3.4954
3.4959
3.4952
3.4958
3.4967
3.4974
3.4948
3.4945
3.4946
3.4958
3.4952
3.4951
3.4952
3.4951
3.4961
3.4938
3.4962
3.4947
3.4961
3.4948
3.4946
3.4969
3.4957
3.4959
3.4956
3.4954
3.4955
3.4951
3.4952
3.4948
3.4954
3.4945
3.4950
3.4950
3.4957
3.4960
3.4954
3.4957
3.4966
3.4971
3.4960
3.4953
3.4950
3.4957
3.4956
3.4962
3.4963
3.4950
3.4965
3.4955
3.4975
3.4952
3.4970
3.4949
3.4968
3.4946
3.4929
3.4973
3.4956
3.4966
3.4966
3.4968
3.4962
3.4965
3.4960
3.4954
3.4968
3.4978
3.4973
3.4976
3.4973
3.4960
3.4963
3.4959
3.4965
3.4962
3.4958
3.4975
3.4950
3.4970
3.4969
3.4961
3.4962
3.4966
3.4966
3.4961
3.4964
3.4958
3.4962
3.4960
3.4960
3.4986
3.4974
3.4941
3.4973
3.4969
3.4974
3.4962
3.4953
3.4971
3.4974
3.4967
3.4963
3.4967
3.4965
3.4959
3.4969
3.4958
3.4967
3.4966
3.4967
3.4961
3.4948
3.4968
3.4974
3.4977
3.4962
3.4962
3.4976
3.4974
3.4944
3.4951
3.4947
3.4961
3.4981
3.4973
3.4973
3.4970
3.4972
3.4971
3.4969
3.4980
3.4983
3.4982
3.4976
3.4955
3.4976
3.4975
3.4974
3.4970
3.4962
3.4976
3.4961
3.4967
3.4972
3.4950
3.4971
3.4973
3.4976
3.4959
3.4967
3.4982
3.4984
3.4973
3.4966
3.4968
3.4954
3.4978
3.4970
3.4972
3.4968
3.4973
3.4974
3.4979
3.4979
3.4981
3.4979
3.4975
3.4960
3.4972
3.4969
3.4962
3.4976
3.4967
3.4971
3.4971
3.4971
3.4971
3.4972
3.4972
3.4944
3.4953
3.4978
3.4978
3.4964
3.4979
3.4983
3.4982
3.4986
3.4983
3.4988
3.4966
3.4952
3.4978
3.4970
3.4960
3.4968
3.4976
3.4981
3.4966
3.4972
3.4984
3.4976
3.4975
3.4975
3.4977
3.4985
3.4954
3.4947
3.4987
3.4981
3.4981
3.4972
3.4968
3.4983
3.4989
3.4987
3.4981
3.4973
3.4980
3.4975
3.4968
3.4984
3.4969
3.4964
3.4964
3.4961
3.4980
3.4970
3.4974
3.4980
3.4975
3.4982
3.4971
3.4961
3.4959
3.4982
3.4983
3.4976
3.4975
3.4981
3.4973
3.4978
3.4974
3.4977
3.4970
3.4997
3.4974
3.4983
3.4966
3.4939
3.4979
3.4975
3.4971
3.4966
3.4988
3.4969
3.4967
3.4986
3.4981
3.4975
3.4976
3.4979
3.4982
3.4961
3.4979
3.4984
3.4981
3.4977
3.4972
3.4956
3.4989
3.4966
3.4966
3.4986
3.4994
3.5000
3.4984
3.4981
3.4988
3.4960
3.4966
3.4968
3.4977
3.4977
3.4977
3.4994
3.4986
3.4985
3.4982
3.5003
3.4966
3.4980
3.4983
3.4969
3.4984
3.4975
3.4986
3.4989
3.4981
3.4979
3.4989
3.4974
3.4977
3.4988
3.4978
3.4973
3.4997
3.4972
3.4992
3.4980
3.4973
3.4973
3.4994
3.4977
3.4984
3.4961
3.4979
3.4974
3.4984
3.4969
3.4976
3.4978
3.4985
3.4953
3.4987
3.4984
3.4983
3.4988
3.4961
3.4979
3.4979
3.5010
3.4992
3.4985
3.4974
3.4973
3.4978
3.4977
3.4999
3.4990
3.4984
3.4980
3.4986
3.4978
3.4981
3.4986
3.4987
3.4991
3.4970
3.4982
3.5005
3.5002
3.4997
3.5002
3.4978
3.4989
3.4999
3.4986
3.4982
3.4980
3.4979
3.4976
3.4989
3.4993
3.4974
3.4975
3.4992
3.4983
3.4992
3.4998
3.4987
3.4983
3.4986
3.4985
3.4983
3.4993
3.4975
3.4994
3.5007
3.4980
3.4992
3.4990
3.4986
3.4997
3.4982
3.4971
3.4978
3.4990
3.4988
3.4977
3.4980
3.4988
3.4987
3.4975
3.4987
3.4975
3.4992
3.4983
3.4985
3.4989
3.4991
3.4988
3.4984
3.5005
3.4996
3.5008
3.4989
3.4987
3.5005
3.5010
3.5007
3.4992
3.4989
3.4983
3.4978
3.4974
3.4997
3.4980
3.4986
3.4976
3.4984
3.4987
3.4987
3.4985
3.4977
3.4999
3.4982
3.5000
3.5007
3.4989
3.4992
3.4988
3.5003
3.5002
3.4996
3.4974
3.4996
3.4997
3.4981
3.4999
3.5001
3.4984
3.5009
3.4998
3.4986
3.4984
3.4976
3.5008
3.5000
3.5001
3.4997
3.4996
3.5005
3.4993
3.5008
3.4997
3.5008
3.5004
3.5000
3.4989
3.4996
3.4978
3.4989
3.5004
3.4996
3.5008
3.5011
3.4997
3.4983
3.4991
3.4994
3.4974
3.4977
3.4991
3.4983
3.4977
3.5008
3.4999
3.4975
3.4996
3.4996
3.4975
3.4980
3.4983
3.4998
3.4991
3.4986
3.5006
3.4998
3.4994
3.5011
3.5018
3.4978
3.4994
3.5015
3.4999
3.4986
3.4983
3.5005
3.5002
3.5011
3.5003
3.5019
3.5004
3.5002
3.5002
3.5001
3.5011
3.4988
3.4997
3.4991
3.4996
3.4999
3.4987
3.5014
3.5015
3.4999
3.5000
3.4996
3.4968
3.5018
3.5019
3.4993
3.5010
3.4995
3.5012
3.5005
3.4996
3.5009
3.5014
3.5016
3.5012
3.5005
3.4980
3.5009
3.5000
3.5000
3.5008
3.5012
3.5012
3.4979
3.4990
3.4986
3.4990
3.5006
3.5007
3.5001
3.5003
3.4988
3.5000
3.5018
3.5010
3.4986
3.5000
3.5016
3.5018
3.5013
3.5002
3.4965
3.5007
3.4989
3.5016
3.4998
3.5008
3.5004
3.5001
3.5005
3.5010
3.5019
3.5007
3.5009
3.4990
3.4999
3.5014
3.4988
3.5002
3.5005
3.5001
3.5007
3.4990
3.5006
3.5018
3.4995
3.5005
3.5010
3.4992
3.4975
3.4998
3.5002
3.4999
3.4993
3.5004
3.5003
3.4994
3.5009
3.5023
3.5018
3.5013
3.4988
3.5001
3.5002
3.5008
3.5006
3.5009
3.5013
3.5001
3.5003
3.5002
3.5020
3.5005
3.4997
3.4999
3.4995
3.4993
3.5018
3.5023
3.5018
3.4996
3.4980
3.5010
3.4998
3.5023
3.5009
3.4993
3.4998
3.5008
3.5008
3.5015
3.5008
3.5015
3.5021
3.5014
3.5011
3.5013
3.5011
3.5009
3.4991
3.5013
3.5029
3.5006
3.5007
3.5004
3.5017
3.5006
3.5023
3.5014
3.4976
3.4998
3.5024
3.5025
3.5012
3.5007
3.5008
3.5005
3.5007
3.5002
3.5004
3.5018
3.4998
3.5012
3.5010
3.5006
3.5020
3.5016
3.5016
3.5010
3.5006
3.5006
3.4990
3.5023
3.5016
3.5007
3.5016
3.4993
3.5005
3.5010
3.5019
3.5008
3.5007
3.5032
3.5025
3.5026
3.5015
3.5022
3.5014
3.5015
3.5015
3.5006
3.5006
3.5009
3.5006
3.5007
3.4994
3.5015
3.5015
3.5015
3.5001
3.5007
3.5009
3.5029
3.5019
3.5004
3.5003
3.5014
3.5015
3.5011
3.5006
3.5021
3.5012
3.5017
3.5015
3.5023
3.5011
3.5032
3.5022
3.5021
3.5021
3.4996
3.5007
3.5016
3.4994
3.5001
3.5023
3.5022
3.5012
3.5001
3.5016
3.5009
3.5004
3.5007
3.5010
3.5013
3.5011
3.5005
3.5004
3.4993
3.5007
3.5017
3.5018
3.5033
3.5001
3.4998
3.5010
3.5017
3.5026
3.5030
3.5014
3.5004
3.5021
3.5018
3.5021
3.5019
3.4989
3.5007
3.5011
3.5002
3.5026
3.5036
3.5022
3.5004
3.5002
3.5023
3.5012
3.5024
3.4998
3.5026
3.5007
3.5014
3.5011
3.5024
3.4991
3.5005
3.5017
3.5016
3.5015
3.5010
3.5014
3.5016
3.5020
3.5024
3.5021
3.5011
3.4998
3.5018
3.5025
3.5012
3.5027
3.5000
3.5025
3.5017
3.5003
3.5015
3.5020
3.5020
3.5002
3.5005
3.5015
3.5024
3.5031
3.5011
3.5009
3.5021
3.5013
3.4987
3.5023
3.5018
3.5012
3.5019
3.5023
3.5006
3.5023
3.5026
3.5022
3.5017
3.5033
3.5033
3.5040
3.5010
3.5013
3.5017
3.5007
3.5020
3.4995
3.5010
3.5022
3.5027
3.5030
3.5031
3.5017
3.5006
3.5029
3.5020
3.5034
3.5022
3.5001
3.5015
3.5026
3.5019
3.5036
3.5014
3.5028
3.5024
3.5007
3.5010
3.5022
3.5039
3.5015
3.5021
3.5039
3.5036
3.4990
3.5027
3.5023
3.5019
3.5016
3.5018
3.5019
3.5018
3.5019
3.5024
3.5024
3.5040
3.5035
3.5030
3.5033
3.5014
3.5017
3.5020
3.5006
3.5012
3.5005
3.5020
3.4998
3.5007
3.5020
3.5024
3.5039
3.5022
3.5040
3.5016
3.5015
3.5032
3.5024
3.5022
3.5017
3.5022
3.5014
3.5037
3.5016
3.5032
3.5014
3.5031
3.5023
3.5020
3.4989
3.5017
3.5028
3.5024
3.5027
3.5032
3.5035
3.5023
3.5050
3.5009
3.5012
3.5044
3.5000
3.5002
3.5025
3.5031
3.5023
3.5024
3.5035
3.5034
3.5013
3.5006
3.5015
3.5038
3.5023
3.5017
3.5018
3.5021
3.5019
3.5028
3.5024
3.5024
3.5032
3.4996
3.5025
3.5025
3.5034
3.5033
3.5024
3.5036
3.5004
3.5039
3.5021
3.5028
3.5025
3.5024
3.5037
3.5031
3.5021
3.5026
3.5026
3.5025
3.5040
3.5025
3.5029
3.5026
3.5021
3.5019
3.5035
3.5017
3.5019
3.5033
3.5032
3.5039
3.5022
3.5028
3.5042
3.5040
3.5014
3.5012
3.5016
3.5031
3.5039
3.5013
3.5033
3.5016
3.5023
3.5027
3.5031
3.5033
3.5040
3.5036
3.5026
3.5028
3.5035
3.5026
3.5033
3.5025
3.5021
3.5036
3.5035
3.5036
3.5035
3.5035
3.5031
3.5030
3.5047
3.5020
3.5016
3.5042
3.5033
3.5024
3.5025
3.5041
3.5031
3.5034
3.5028
3.5050
3.5021
3.5036
3.5043
3.5034
3.5040
3.5026
3.5026
3.5021
3.5025
3.5030
3.5034
3.5026
3.5034
3.5032
3.5034
3.5013
3.5012
3.5034
3.5028
3.5023
3.5023
3.5039
3.5033
3.5042
3.5023
3.5008
3.5034
3.5041
3.5030
3.5021
3.5043
3.5039
3.5026
3.5021
3.5028
3.5025
3.5018
3.5020
3.5034
3.5019
3.5034
3.5033
3.5033
3.5038
3.5038
3.5025
3.5025
3.5035
3.5036
3.5031
3.5025
3.5034
3.5031
3.5029
3.5045
3.5042
3.5033
3.5033
3.5037
3.5040
3.5036
3.5039
3.5031
3.5043
3.5025
3.5040
3.5044
3.5022
3.5024
3.5037
3.5034
3.5028
3.5027
3.5035
3.5022
3.5025
3.5029
3.5034
3.5026
3.5036
3.5051
3.5043
3.5020
3.5069
3.5015
3.5046
3.5029
3.5050
3.5053
3.5041
3.5042
3.5039
3.5028
3.5031
3.5021
3.5018
3.5036
3.5022
3.5035
3.5056
3.5046
3.5047
3.5047
3.5049
3.5032
3.5037
3.5044
3.5036
3.5002
3.5043
3.5043
3.5035
3.5039
3.5047
3.5031
3.5024
3.5048
3.5025
3.5044
3.5042
3.5042
3.5031
3.5037
3.5026
3.5032
3.5049
3.5043
3.5016
3.5048
3.5042
3.5053
3.5039
3.5040
3.5036
3.5038
3.5050
3.5049
3.5045
3.5051
3.5046
3.5047
3.5043
3.5034
3.5042
3.5032
3.5044
3.5044
3.5045
3.5039
3.5045
3.5034
3.5032
3.5027
3.5028
3.5034
3.5033
3.5044
3.5044
3.5063
3.5039
3.5033
3.5052
3.5042
3.5047
3.5053
3.5016
3.5050
3.5037
3.5037
3.5034
3.5023
3.5046
3.5047
3.5047
3.5050
3.5039
3.5051
3.5041
3.5028
3.5031
3.5040
3.5014
3.5044
3.5025
3.5037
3.5042
3.5047
3.5044
3.5030
3.5020
3.5050
3.5048
3.5031
3.5041
3.5047
3.5053
3.5039
3.5048
3.5049
3.5050
3.5045
3.5046
3.5040
3.5045
3.5049
3.5038
3.5049
3.5058
3.5030
3.5034
3.5043
3.5041
3.5035
3.5052
3.5025
3.5038
3.5053
3.5035
3.5048
3.5045
3.5044
3.5049
3.5028
3.5054
3.5053
3.5039
3.5051
3.5048
3.5044
3.5056
3.5047
3.5045
3.5050
3.5042
3.5054
3.5056
3.5052
3.5040
3.5031
3.5052
3.5036
3.5056
3.5049
3.5047
3.5034
3.5031
3.5053
3.5033
3.5072
3.5047
3.5049
3.5044
3.5053
3.5048
3.5064
3.5055
3.5031
3.5035
3.5037
3.5034
3.5024
3.5045
3.5019
3.5035
3.5033
3.5028
3.5050
3.5045
3.5036
3.5033
3.5041
3.5045
3.5047
3.5041
3.5040
3.5041
3.5061
3.5051
3.5044
3.5046
3.5031
3.5053
3.5073
3.5050
3.5057
3.5064
3.5038
3.5041
3.5043
3.5041
3.5059
3.5046
3.5054
3.5064
3.5050
3.5054
3.5056
3.5059
3.5057
3.5050
3.5043
3.5054
3.5061
3.5032
3.5057
3.5039
3.5038
3.5064
3.5056
3.5060
3.5055
3.5029
3.5049
3.5050
3.5038
3.5038
3.5041
3.5053
3.5047
3.5043
3.5048
3.5040
3.5042
3.5056
3.5064
3.5051
3.5050
3.5045
3.5061
3.5058
3.5052
3.5056
3.5050
3.5044
3.5064
3.5053
3.5051
3.5047
3.5045
3.5045
3.5062
3.5047
3.5048
3.5042
3.5048
3.5051
3.5048
3.5054
3.5040
3.5023
3.5048
3.5049
3.5042
3.5047
3.5052
3.5056
3.5024
3.5025
3.5059
3.5047
3.5056
3.5057
3.5052
3.5050
3.5034
3.5072
3.5069
3.5057
3.5073
3.5081
3.5046
3.5050
3.5064
3.5064
3.5050
3.5036
3.5067
3.5031
3.5052
3.5051
3.5070
3.5060
3.5061
3.5042
3.5056
3.5054
3.5060
3.5065
3.5065
3.5058
3.5064
3.5057
3.5047
3.5044
3.5054
3.5059
3.5031
3.5038
3.5029
3.5049
3.5061
3.5059
3.5068
3.5052
3.5046
3.5052
3.5052
3.5054
3.5051
3.5050
3.5065
3.5065
3.5040
3.5044
3.5055
3.5062
3.5069
3.5054
3.5061
3.5055
3.5065
3.5063
3.5061
3.5064
3.5049
3.5045
3.5051
3.5077
3.5078
3.5056
3.5046
3.5055
3.5052
3.5058
3.5065
3.5059
3.5066
3.5041
3.5060
3.5041
3.5050
3.5043
3.5031
3.5055
3.5053
3.5024
3.5035
3.5053
3.5065
3.5070
3.5063
3.5062
3.5048
3.5047
3.5058
3.5068
3.5045
3.5073
3.5047
3.5040
3.5054
3.5047
3.5051
3.5047
3.5038
3.5067
3.5051
3.5039
3.5031
3.5039
3.5067
3.5050
3.5055
3.5068
3.5047
3.5047
3.5046
3.5050
3.5049
3.5062
3.5039
3.5052
3.5059
3.5066
3.5065
3.5061
3.5059
3.5063
3.5063
3.5034
3.5070
3.5070
3.5063
3.5049
3.5050
3.5044
3.5050
3.5067
3.5041
3.5066
3.5066
3.5071
3.5071
3.5052
3.5054
3.5056
3.5057
3.5048
3.5065
3.5055
3.5050
3.5068
3.5059
3.5059
3.5054
3.5059
3.5059
3.5057
3.5071
3.5069
3.5065
3.5068
3.5072
3.5055
3.5057
3.5070
3.5054
3.5068
3.5058
3.5062
3.5064
3.5040
3.5038
3.5048
3.5073
3.5050
3.5024
3.5052
3.5062
3.5060
3.5063
3.5073
3.5055
3.5044
3.5053
3.5045
3.5067
3.5064
3.5063
3.5041
3.5077
3.5056
3.5061
3.5050
3.5053
3.5055
3.5070
3.5074
3.5067
3.5062
3.5067
3.5054
3.5057
3.5067
3.5071
3.5066
3.5064
3.5064
3.5044
3.5069
3.5055
3.5066
3.5069
3.5069
3.5072
3.5036
3.5057
3.5065
3.5080
3.5062
3.5065
3.5069
3.5065
3.5064
3.5073
3.5052
3.5070
3.5065
3.5044
3.5080
3.5066
3.5057
3.5059
3.5065
3.5057
3.5075
3.5032
3.5055
3.5060
3.5059
3.5065
3.5083
3.5075
3.5078
3.5060
3.5052
3.5064
3.5071
3.5079
3.5057
3.5057
3.5064
3.5061
3.5075
3.5061
3.5061
3.5076
3.5067
3.5066
3.5056
3.5059
3.5089
3.5059
3.5046
3.5070
3.5065
3.5065
3.5062
3.5066
3.5070
3.5057
3.5067
3.5069
3.5075
3.5078
3.5080
3.5066
3.5063
3.5062
3.5068
3.5078
3.5072
3.5073
3.5043
3.5053
3.5070
3.5054
3.5075
3.5075
3.5051
3.5085
3.5044
3.5075
3.5072
3.5081
3.5053
3.5076
3.5068
3.5071
3.5074
3.5047
3.5070
3.5057
3.5064
3.5058
3.5067
3.5063
3.5067
3.5045
3.5058
3.5083
3.5081
3.5065
3.5070
3.5068
3.5069
3.5072
3.5066
3.5063
3.5078
3.5055
3.5065
3.5057
3.5084
3.5078
3.5077
3.5080
3.5076
3.5078
3.5081
3.5066
3.5056
3.5070
3.5067
3.5069
3.5072
3.5072
3.5057
3.5090
3.5089
3.5044
3.5065
3.5049
3.5072
3.5058
3.5070
3.5068
3.5074
3.5067
3.5073
3.5076
3.5072
3.5068
3.5072
3.5072
3.5060
3.5060
3.5058
3.5075
3.5064
3.5068
3.5064
3.5067
3.5069
3.5063
3.5083
3.5086
3.5083
3.5070
3.5069
3.5069
3.5074
3.5078
3.5052
3.5075
3.5084
3.5072
3.5063
3.5066
3.5074
3.5049
3.5064
3.5072
3.5072
3.5070
3.5080
3.5049
3.5069
3.5071
3.5060
3.5081
3.5074
3.5063
3.5063
3.5062
3.5084
3.5079
3.5075
3.5066
3.5067
3.5068
3.5073
3.5057
3.5077
3.5066
3.5073
3.5083
3.5075
3.5081
3.5087
3.5077
3.5087
3.5074
3.5078
3.5078
3.5077
3.5073
3.5080
3.5089
3.5054
3.5060
3.5073
3.5088
3.5084
3.5076
3.5079
3.5072
3.5071
3.5062
3.5078
3.5075
3.5069
3.5066
3.5071
3.5079
3.5082
3.5080
3.5077
3.5069
3.5075
3.5060
3.5066
3.5066
3.5070
3.5070
3.5076
3.5073
3.5084
3.5073
3.5069
3.5073
3.5082
3.5076
3.5060
3.5083
3.5070
3.5066
3.5086
3.5084
3.5054
3.5067
3.5085
3.5052
3.5063
3.5055
3.5074
3.5091
3.5095
3.5075
3.5081
3.5081
3.5091
3.5063
3.5035
3.5088
3.5084
3.5084
3.5090
3.5071
3.5075
3.5064
3.5083
3.5082
3.5078
3.5076
3.5078
3.5087
3.5087
3.5087
3.5084
3.5069
3.5075
3.5092
3.5081
3.5077
3.5096
3.5084
3.5063
3.5062
3.5059
3.5084
3.5084
3.5063
3.5095
3.5081
3.5074
3.5077
3.5078
3.5081
3.5080
3.5054
3.5080
3.5066
3.5075
3.5081
3.5081
3.5086
3.5100
3.5090
3.5082
3.5080
3.5075
3.5076
3.5080
3.5080
3.5076
3.5069
3.5077
3.5071
3.5078
3.5085
3.5082
3.5089
3.5071
3.5080
3.5084
3.5090
3.5086
3.5081
3.5076
3.5070
3.5065
3.5080
3.5073
3.5070
3.5092
3.5094
3.5090
3.5087
3.5083
3.5065
3.5079
3.5077
3.5074
3.5076
3.5081
3.5084
3.5084
3.5084
3.5084
3.5083
3.5074
3.5074
3.5081
3.5086
3.5081
3.5084
3.5064
3.5088
3.5094
3.5092
3.5083
3.5075
3.5069
3.5079
3.5076
3.5081
3.5075
3.5073
3.5074
3.5075
3.5075
3.5078
3.5061
3.5057
3.5072
3.5091
3.5086
3.5091
3.5069
3.5061
3.5069
3.5086
3.5077
3.5089
3.5084
3.5089
3.5090
3.5074
3.5089
3.5085
3.5089
3.5085
3.5083
3.5083
3.5079
3.5077
3.5077
3.5082
3.5082
3.5077
3.5070
3.5078
3.5089
3.5084
3.5074
3.5079
3.5087
3.5083
3.5086
3.5090
3.5074
3.5065
3.5084
3.5083
3.5081
3.5089
3.5070
3.5077
3.5067
3.5077
3.5096
3.5080
3.5095
3.5086
3.5091
3.5078
3.5086
3.5078
3.5094
3.5086
3.5079
3.5067
3.5092
3.5085
3.5094
3.5099
3.5069
3.5072
3.5091
3.5101
3.5086
3.5075
3.5084
3.5096
3.5067
3.5080
3.5079
3.5077
3.5077
3.5077
3.5084
3.5082
3.5074
3.5072
3.5074
3.5078
3.5076
3.5096
3.5096
3.5090
3.5108
3.5096
3.5093
3.5070
3.5094
3.5085
3.5090
3.5105
3.5095
3.5074
3.5087
3.5083
3.5076
3.5090
3.5058
3.5086
3.5083
3.5069
3.5088
3.5082
3.5077
3.5086
3.5075
3.5086
3.5079
3.5086
3.5085
3.5084
3.5098
3.5075
3.5092
3.5066
3.5094
3.5084
3.5084
3.5084
3.5080
3.5081
3.5097
3.5081
3.5087
3.5081
3.5077
3.5098
3.5104
3.5091
3.5094
3.5092
3.5094
3.5090
3.5100
3.5098
3.5085
3.5084
3.5087
3.5082
3.5078
3.5084
3.5074
3.5094
3.5104
3.5096
3.5078
3.5075
3.5083
3.5086
3.5093
3.5088
3.5081
3.5081
3.5086
3.5086
3.5087
3.5096
3.5101
3.5085
3.5085
3.5084
3.5083
3.5088
3.5082
3.5085
3.5089
3.5094
3.5095
3.5086
3.5094
3.5092
3.5106
3.5099
3.5077
3.5075
3.5096
3.5092
3.5089
3.5071
3.5084
3.5105
3.5104
3.5084
3.5092
3.5070
3.5083
3.5093
3.5087
3.5075
3.5088
3.5086
3.5091
3.5088
3.5089
3.5089
3.5087
3.5094
3.5081
3.5085
3.5103
3.5098
3.5092
3.5090
3.5086
3.5094
3.5089
3.5083
3.5086
3.5074
3.5079
3.5098
3.5091
3.5084
3.5077
3.5079
3.5084
3.5088
3.5080
3.5083
3.5084
3.5068
3.5047
3.5094
3.5086
3.5088
3.5094
3.5099
3.5098
3.5103
3.5081
3.5083
3.5083
3.5092
3.5081
3.5089
3.5087
3.5108
3.5079
3.5049
3.5097
3.5107
3.5098
3.5096
3.5095
3.5091
3.5076
3.5076
3.5082
3.5086
3.5091
3.5092
3.5111
3.5090
3.5087
3.5086
3.5081
3.5089
3.5100
3.5111
3.5102
3.5098
3.5095
3.5088
3.5086
3.5088
3.5089
3.5086
3.5080
3.5084
3.5091
3.5098
3.5098
3.5086
3.5068
3.5080
3.5099
3.5111
3.5103
3.5094
3.5081
3.5084
3.5094
3.5097
3.5110
3.5104
3.5105
3.5088
3.5087
3.5097
3.5086
3.5098
3.5097
3.5105
3.5096
3.5069
3.5075
3.5102
3.5097
3.5098
3.5089
3.5088
3.5094
3.5089
3.5067
3.5090
3.5094
3.5095
3.5094
3.5100
3.5084
3.5084
3.5083
3.5092
3.5096
3.5103
3.5093
3.5089
3.5095
3.5082
3.5107
3.5098
3.5099
3.5099
3.5098
3.5104
3.5082
3.5093
3.5094
3.5088
3.5083
3.5105
3.5075
3.5078
3.5087
3.5088
3.5099
3.5066
3.5086
3.5094
3.5093
3.5090
3.5083
3.5109
3.5098
3.5101
3.5092
3.5113
3.5105
3.5104
3.5103
3.5085
3.5090
3.5106
3.5096
3.5101
3.5097
3.5095
3.5109
3.5091
3.5078
3.5070
3.5094
3.5097
3.5097
3.5107
3.5094
3.5091
3.5091
3.5095
3.5095
3.5092
3.5087
3.5101
3.5103
3.5093
3.5102
3.5094
3.5093
3.5094
3.5088
3.5082
3.5098
3.5097
3.5094
3.5108
3.5105
3.5100
3.5085
3.5098
3.5096
3.5107
3.5103
3.5087
3.5104
3.5102
3.5072
3.5098
3.5091
3.5096
3.5111
3.5101
3.5106
3.5104
3.5107
3.5103
3.5097
3.5098
3.5097
3.5103
3.5103
3.5100
3.5102
3.5108
3.5069
3.5090
3.5099
3.5084
3.5111
3.5088
3.5090
3.5090
3.5089
3.5085
3.5096
3.5103
3.5092
3.5093
3.5087
3.5097
3.5098
3.5095
3.5091
3.5089
3.5107
3.5112
3.5103
3.5103
3.5105
3.5113
3.5094
3.5097
3.5087
3.5087
3.5077
3.5090
3.5102
3.5095
3.5091
3.5105
3.5093
3.5098
3.5109
3.5105
3.5087
3.5090
3.5097
3.5090
3.5106
3.5097
3.5095
3.5092
3.5087
3.5100
3.5112
3.5082
3.5100
3.5114
3.5077
3.5103
3.5089
3.5090
3.5080
3.5107
3.5096
3.5086
3.5091
3.5094
3.5103
3.5106
3.5088
3.5096
3.5088
3.5093
3.5097
3.5079
3.5046
3.5077
3.5094
3.5077
3.5086
3.5103
3.5091
3.5092
3.5110
3.5080
3.5106
3.5106
3.5093
3.5113
3.5090
3.5100
3.5090
3.5086
3.5089
3.5112
3.5097
3.5108
3.5100
3.5108
3.5065
3.5100
3.5089
3.5080
3.5092
3.5100
3.5111
3.5102
3.5099
3.5095
3.5105
3.5098
3.5111
3.5108
3.5115
3.5085
3.5108
3.5095
3.5083
3.5096
3.5107
3.5099
3.5088
3.5095
3.5097
3.5096
3.5083
3.5116
3.5100
3.5077
3.5107
3.5110
3.5103
3.5105
3.5097
3.5093
3.5074
3.5094
3.5115
3.5102
3.5114
3.5102
3.5104
3.5100
3.5101
3.5101
3.5096
3.5110
3.5086
3.5093
3.5076
3.5066
3.5106
3.5098
3.5110
3.5096
3.5105
3.5109
3.5105
3.5111
3.5102
3.5113
3.5109
3.5082
3.5116
3.5091
3.5100
3.5108
3.5103
3.5094
3.5095
3.5117
3.5113
3.5113
3.5102
3.5109
3.5108
3.5091
3.5103
3.5101
3.5091
3.5098
3.5105
3.5108
3.5090
3.5119
3.5104
3.5109
3.5100
3.5111
3.5093
3.5091
3.5114
3.5121
3.5104
3.5112
3.5107
3.5122
3.5105
3.5111
3.5118
3.5118
3.5098
3.5097
3.5113
3.5108
3.5097
3.5099
3.5108
3.5119
3.5118
3.5121
3.5097
3.5110
3.5101
3.5103
3.5099
3.5080
3.5109
3.5083
3.5109
3.5095
3.5085
3.5103
3.5083
3.5097
3.5097
3.5093
3.5095
3.5089
3.5112
3.5098
3.5096
3.5093
3.5104
3.5106
3.5109
3.5106
3.5082
3.5101
3.5107
3.5111
3.5103
3.5111
3.5117
3.5116
3.5088
3.5089
3.5107
3.5122
3.5116
3.5109
3.5109
3.5114
3.5097
3.5113
3.5098
3.5074
3.5106
3.5103
3.5095
3.5102
3.5089
3.5117
3.5093
3.5105
3.5107
3.5111
3.5100
3.5102
3.5093
3.5091
3.5080
3.5106
3.5111
3.5114
3.5115
3.5106
3.5099
3.5099
3.5114
3.5094
3.5101
3.5116
3.5117
3.5097
3.5099
3.5114
3.5112
3.5115
3.5093
3.5093
3.5093
3.5108
3.5128
3.5117
3.5108
3.5119
3.5121
3.5107
3.5088
3.5123
3.5109
3.5108
3.5099
3.5105
3.5119
3.5116
3.5105
3.5115
3.5136
3.5099
3.5121
3.5117
3.5100
3.5129
3.5107
3.5124
3.5101
3.5113
3.5127
3.5123
3.5079
3.5104
3.5105
3.5082
3.5113
3.5109
3.5114
3.5125
3.5094
3.5099
3.5103
3.5112
3.5103
3.5101
3.5079
3.5119
3.5108
3.5108
3.5109
3.5116
3.5121
3.5101
3.5106
3.5112
3.5111
3.5131
3.5120
3.5101
3.5072
3.5089
3.5111
3.5107
3.5115
3.5125
3.5092
3.5097
3.5096
3.5097
3.5104
3.5116
3.5124
3.5114
3.5115
3.5107
3.5108
3.5087
3.5127
3.5110
3.5108
3.5095
3.5107
3.5103
3.5126
3.5108
3.5106
3.5114
3.5115
3.5119
3.5101
3.5102
3.5088
3.5107
3.5095
3.5102
3.5116
3.5094
3.5110
3.5078
3.5108
3.5105
3.5106
3.5082
3.5100
3.5107
3.5120
3.5120
3.5098
3.5095
3.5112
3.5097
3.5105
3.5108
3.5113
3.5107
3.5104
3.5112
3.5112
3.5108
3.5087
3.5088
3.5114
3.5122
3.5114
3.5096
3.5108
3.5111
3.5109
3.5110
3.5110
3.5091
3.5099
3.5108
3.5107
3.5108
3.5132
3.5082
3.5108
3.5112
3.5121
3.5115
3.5103
3.5119
3.5106
3.5096
3.5107
3.5113
3.5118
3.5120
3.5134
3.5110
3.5107
3.5114
3.5101
3.5087
3.5115
3.5120
3.5100
3.5102
3.5105
3.5111
3.5089
3.5112
3.5087
3.5093
3.5115
3.5114
3.5115
3.5088
3.5110
3.5121
3.5121
3.5103
3.5110
3.5090
3.5101
3.5100
3.5099
3.5116
3.5120
3.5113
3.5124
3.5103
3.5101
3.5108
3.5118
3.5103
3.5108
3.5110
3.5095
3.5073
3.5099
3.5103
3.5117
3.5126
3.5108
3.5110
3.5111
3.5116
3.5113
3.5099
3.5093
3.5084
3.5103
3.5108
3.5108
3.5108
3.5115
3.5113
3.5111
3.5122
3.5118
3.5107
3.5112
3.5128
3.5107
3.5098
3.5100
3.5103
3.5116
3.5119
3.5109
3.5112
3.5111
3.5110
3.5113
3.5119
3.5124
3.5123
3.5113
3.5113
3.5110
3.5105
3.5117
3.5092
3.5118
3.5141
3.5129
3.5112
3.5109
3.5111
3.5113
3.5115
3.5109
3.5113
3.5115
3.5112
3.5120
3.5119
3.5115
3.5088
3.5077
3.5117
3.5119
3.5110
3.5127
3.5124
3.5116
3.5092
3.5122
3.5113
3.5109
3.5116
3.5121
3.5100
3.5122
3.5117
3.5128
3.5126
3.5097
3.5124
3.5130
3.5115
3.5117
3.5121
3.5121
3.5126
3.5124
3.5103
3.5097
3.5115
3.5104
3.5088
3.5117
3.5099
3.5117
3.5125
3.5113
3.5121
3.5113
3.5119
3.5109
3.5117
3.5118
3.5116
3.5114
3.5109
3.5116
3.5122
3.5119
3.5122
3.5100
3.5115
3.5119
3.5123
3.5122
3.5110
3.5121
3.5119
3.5119
3.5129
3.5104
3.5121
3.5130
3.5120
3.5126
3.5112
3.5136
3.5124
3.5130
3.5118
3.5121
3.5107
3.5105
3.5113
3.5120
3.5095
3.5116
3.5122
3.5130
3.5111
3.5108
3.5130
3.5097
3.5119
3.5114
3.5116
3.5083
3.5094
3.5116
3.5120
3.5117
3.5111
3.5109
3.5114
3.5107
3.5103
3.5111
3.5127
3.5134
3.5116
3.5108
3.5098
3.5100
3.5116
3.5117
3.5119
3.5105
3.5117
3.5114
3.5095
3.5129
3.5108
3.5100
3.5112
3.5116
3.5126
3.5130
3.5089
3.5100
3.5098
3.5129
3.5108
3.5120
3.5127
3.5130
3.5116
3.5115
3.5107
3.5127
3.5111
3.5103
3.5111
3.5115
3.5113
3.5112
3.5121
3.5125
3.5111
3.5108
3.5112
3.5117
3.5115
3.5116
3.5130
3.5126
3.5115
3.5125
3.5110
3.5133
3.5130
3.5125
3.5123
3.5117
3.5115
3.5112
3.5111
3.5136
3.5105
3.5140
3.5117
3.5134
3.5112
3.5105
3.5127
3.5125
3.5107
3.5100
3.5126
3.5090
3.5122
3.5115
3.5131
3.5115
3.5109
3.5090
3.5116
3.5111
3.5119
3.5124
3.5128
3.5129
3.5106
3.5127
3.5125
3.5125
3.5123
3.5131
3.5119
3.5125
3.5123
3.5120
3.5106
3.5105
3.5119
3.5108
3.5110
3.5127
3.5119
3.5115
3.5121
3.5127
3.5094
3.5114
3.5127
3.5110
3.5113
3.5110
3.5119
3.5121
3.5122
3.5113
3.5097
3.5122
3.5122
3.5126
3.5125
3.5121
3.5133
3.5128
3.5110
3.5092
3.5110
3.5124
3.5124
3.5115
3.5106
3.5132
3.5120
3.5123
3.5102
3.5105
3.5121
3.5110
3.5116
3.5108
3.5127
3.5126
3.5124
3.5111
3.5102
3.5108
3.5130
3.5121
3.5110
3.5110
3.5107
3.5113
3.5102
3.5121
3.5118
3.5115
3.5098
3.5119
3.5120
3.5125
3.5121
3.5113
3.5117
3.5126
3.5099
3.5080
3.5119
3.5136
3.5135
3.5119
3.5113
3.5111
3.5114
3.5124
3.5108
3.5115
3.5126
3.5125
3.5129
3.5134
3.5130
3.5132
3.5121
3.5127
3.5094
3.5131
3.5124
3.5115
3.5109
3.5126
3.5111
3.5124
3.5117
3.5121
3.5124
3.5125
3.5131
3.5118
3.5108
3.5109
3.5119
3.5129
3.5123
3.5117
3.5126
3.5093
3.5119
3.5114
3.5114
3.5100
3.5109
3.5117
3.5120
3.5118
3.5117
3.5132
3.5123
3.5121
3.5130
3.5132
3.5132
3.5116
3.5117
3.5124
3.5127
3.5099
3.5116
3.5129
3.5127
3.5124
3.5123
3.5127
3.5133
3.5119
3.5125
3.5119
3.5124
3.5103
3.5115
3.5135
3.5133
3.5123
3.5123
3.5127
3.5132
3.5132
3.5128
3.5102
3.5117
3.5124
3.5129
3.5125
3.5130
3.5133
3.5130
3.5131
3.5109
3.5114
3.5127
3.5095
3.5129
3.5123
3.5117
3.5121
3.5126
3.5116
3.5113
3.5119
3.5116
3.5119
3.5108
3.5134
3.5128
3.5129
3.5122
3.5117
3.5115
3.5123
3.5117
3.5137
3.5126
3.5133
3.5131
3.5132
3.5135
3.5136
3.5138
3.5134
3.5109
3.5126
3.5140
3.5119
3.5127
3.5122
3.5119
3.5132
3.5117
3.5119
3.5134
3.5128
3.5127
3.5140
3.5128
3.5130
3.5124
3.5119
3.5128
3.5117
3.5136
3.5126
3.5123
3.5130
3.5107
3.5112
3.5120
3.5135
3.5133
3.5109
3.5112
3.5121
3.5118
3.5135
3.5120
3.5137
3.5139
3.5122
3.5126
3.5108
3.5137
3.5123
3.5105
3.5125
3.5132
3.5140
3.5117
3.5135
3.5133
3.5127
3.5124
3.5120
3.5135
3.5126
3.5135
3.5105
3.5125
3.5131
3.5129
3.5116
3.5143
3.5131
3.5127
3.5125
3.5119
3.5129
3.5122
3.5133
3.5125
3.5136
3.5135
3.5140
3.5128
3.5130
3.5124
3.5135
3.5140
3.5145
3.5116
3.5126
3.5117
3.5142
3.5116
3.5130
3.5132
3.5136
3.5132
3.5115
3.5112
3.5135
3.5098
3.5140
3.5124
3.5133
3.5124
3.5141
3.5141
3.5117
3.5109
3.5138
3.5128
3.5129
3.5125
3.5138
3.5136
3.5124
3.5123
3.5110
3.5139
3.5119
3.5140
3.5135
3.5140
3.5115
3.5110
3.5112
3.5126
3.5147
3.5110
3.5130
3.5130
3.5126
3.5117
3.5124
3.5121
3.5129
3.5135
3.5126
3.5110
3.5113
3.5123
3.5123
3.5126
3.5110
3.5122
3.5126
3.5133
3.5136
3.5117
3.5125
3.5131
3.5119
3.5127
3.5122
3.5124
3.5123
3.5135
3.5130
3.5120
3.5144
3.5139
3.5122
3.5112
3.5138
3.5132
3.5147
3.5133
3.5133
3.5134
3.5141
3.5133
3.5144
3.5124
3.5122
3.5135
3.5134
3.5118
3.5094
3.5112
3.5116
3.5144
3.5144
3.5121
3.5136
3.5141
3.5143
3.5136
3.5130
3.5111
3.5129
3.5130
3.5126
3.5130
3.5113
3.5110
3.5119
3.5115
3.5124
3.5137
3.5141
3.5119
3.5122
3.5129
3.5138
3.5136
3.5138
3.5134
3.5118
3.5121
3.5118
3.5144
3.5123
3.5119
3.5128
3.5130
3.5131
3.5149
3.5118
3.5126
3.5122
3.5124
3.5118
3.5136
3.5105
3.5132
3.5135
3.5113
3.5138
3.5128
3.5114
3.5121
3.5141
3.5140
3.5134
3.5130
3.5129
3.5133
3.5136
3.5136
3.5129
3.5131
3.5124
3.5130
3.5143
3.5134
3.5143
3.5143
3.5132
3.5130
3.5128
3.5144
3.5126
3.5135
3.5114
3.5123
3.5140
3.5135
3.5138
3.5136
3.5133
3.5097
3.5124
3.5116
3.5129
3.5145
3.5130
3.5146
3.5146
3.5137
3.5140
3.5143
3.5123
3.5119
3.5147
3.5127
3.5132
3.5136
3.5135
3.5121
3.5129
3.5135
3.5132
3.5119
3.5138
3.5139
3.5137
3.5123
3.5130
3.5126
3.5122
3.5143
3.5137
3.5143
3.5119
3.5141
3.5108
3.5118
3.5145
3.5121
3.5141
3.5135
3.5113
3.5147
3.5124
3.5133
3.5096
3.5133
3.5151
3.5101
3.5143
3.5127
3.5137
3.5141
3.5104
3.5121
3.5119
3.5134
3.5140
3.5143
3.5132
3.5132
3.5135
3.5143
3.5129
3.5118
3.5130
3.5122
3.5140
3.5119
3.5138
3.5133
3.5131
3.5129
3.5124
3.5133
3.5126
3.5129
3.5129
3.5143
3.5128
3.5147
3.5139
3.5128
3.5140
3.5140
3.5123
3.5144
3.5136
3.5132
3.5160
3.5130
3.5135
3.5133
3.5149
3.5140
3.5115
3.5126
3.5131
3.5124
3.5140
3.5127
3.5122
3.5113
3.5130
3.5141
3.5124
3.5128
3.5132
3.5143
3.5143
3.5134
3.5140
3.5154
3.5115
3.5138
3.5143
3.5146
3.5149
3.5142
3.5138
3.5138
3.5142
3.5130
3.5122
3.5110
3.5118
3.5131
3.5133
3.5107
3.5116
3.5135
3.5131
3.5127
3.5138
3.5113
3.5127
3.5140
3.5125
3.5145
3.5121
3.5125
3.5129
3.5113
3.5141
3.5144
3.5136
3.5141
3.5140
3.5112
3.5127
3.5128
3.5151
3.5159
3.5138
3.5123
3.5124
3.5143
3.5142
3.5123
3.5117
3.5123
3.5135
3.5134
3.5128
3.5147
3.5154
3.5147
3.5142
3.5135
3.5130
3.5142
3.5139
3.5119
3.5132
3.5140
3.5138
3.5131
3.5144
3.5149
3.5151
3.5126
3.5118
3.5140
3.5144
3.5135
3.5144
3.5140
3.5134
3.5137
3.5134
3.5138
3.5138
3.5136
3.5136
3.5115
3.5165
3.5120
3.5147
3.5137
3.5121
3.5120
3.5136
3.5137
3.5122
3.5142
3.5134
3.5139
3.5138
3.5139
3.5137
3.5136
3.5115
3.5130
3.5123
3.5128
3.5147
3.5147
3.5136
3.5131
3.5144
3.5137
3.5141
3.5130
3.5128
3.5140
3.5148
3.5148
3.5150
3.5118
3.5151
3.5145
3.5129
3.5130
3.5139
3.5138
3.5135
3.5135
3.5140
3.5137
3.5138
3.5156
3.5136
3.5130
3.5140
3.5139
3.5131
3.5136
3.5139
3.5140
3.5143
3.5141
3.5142
3.5120
3.5123
3.5155
3.5142
3.5138
3.5132
3.5131
3.5164
3.5150
3.5133
3.5138
3.5139
3.5144
3.5140
3.5139
3.5155
3.5140
3.5135
3.5131
3.5122
3.5147
3.5129
3.5138
3.5141
3.5141
3.5135
3.5133
3.5135
3.5139
3.5121
3.5130
3.5148
3.5134
3.5140
3.5149
3.5136
3.5140
3.5147
3.5146
3.5141
3.5138
3.5141
3.5139
3.5146
3.5127
3.5146
3.5146
3.5147
3.5134
3.5151
3.5136
3.5128
3.5130
3.5140
3.5133
3.5131
3.5127
3.5138
3.5124
3.5140
3.5139
3.5127
3.5135
3.5148
3.5144
3.5140
3.5125
3.5137
3.5135
3.5112
3.5143
3.5131
3.5131
3.5141
3.5143
3.5138
3.5147
3.5145
3.5133
3.5129
3.5133
3.5144
3.5119
3.5130
3.5152
3.5136
3.5122
3.5134
3.5135
3.5137
3.5127
3.5131
3.5136
3.5142
3.5144
3.5142
3.5119
3.5114
3.5138
3.5158
3.5127
3.5137
3.5137
3.5138
3.5138
3.5138
3.5139
3.5132
3.5146
3.5136
3.5134
3.5136
3.5140
3.5119
3.5129
3.5135
3.5151
3.5145
3.5123
3.5122
3.5138
3.5133
3.5149
3.5126
3.5132
3.5148
3.5132
3.5153
3.5148
3.5149
3.5122
3.5120
3.5156
3.5148
3.5139
3.5135
3.5140
3.5145
3.5147
3.5147
3.5137
3.5135
3.5144
3.5148
3.5141
3.5154
3.5150
3.5125
3.5138
3.5137
3.5127
3.5129
3.5147
3.5149
3.5115
3.5137
3.5137
3.5135
3.5136
3.5147
3.5123
3.5155
3.5149
3.5137
3.5133
3.5136
3.5152
3.5154
3.5152
3.5130
3.5130
3.5146
3.5129
3.5137
3.5144
3.5149
3.5148
3.5130
3.5141
3.5146
3.5154
3.5143
3.5146
3.5146
3.5147
3.5133
3.5135
3.5152
3.5152
3.5151
3.5129
3.5137
3.5142
3.5142
3.5141
3.5132
3.5123
3.5133
3.5154
3.5154
3.5124
3.5132
3.5130
3.5126
3.5147
3.5148
3.5144
3.5135
3.5128
3.5127
3.5117
3.5126
3.5137
3.5129
3.5135
3.5144
3.5133
3.5125
3.5141
3.5155
3.5146
3.5145
3.5135
3.5142
3.5143
3.5136
3.5141
3.5149
3.5145
3.5138
3.5152
3.5140
3.5137
3.5133
3.5140
3.5143
3.5146
3.5127
3.5130
3.5136
3.5151
3.5153
3.5155
3.5133
3.5126
3.5130
3.5127
3.5144
3.5136
3.5132
3.5144
3.5133
3.5149
3.5119
3.5127
3.5136
3.5149
3.5139
3.5130
3.5144
3.5129
3.5140
3.5145
3.5152
3.5154
3.5144
3.5136
3.5137
3.5118
3.5146
3.5150
3.5132
3.5141
3.5139
3.5148
3.5143
3.5139
3.5118
3.5149
3.5151
3.5135
3.5156
3.5144
3.5139
3.5116
3.5148
3.5137
3.5150
3.5128
3.5149
3.5161
3.5125
3.5143
3.5144
3.5146
3.5163
3.5139
3.5135
3.5126
3.5152
3.5159
3.5157
3.5150
3.5144
3.5130
3.5138
3.5160
3.5157
3.5138
3.5141
3.5147
3.5155
3.5146
3.5143
3.5138
3.5141
3.5155
3.5155
3.5143
3.5133
3.5132
3.5149
3.5154
3.5152
3.5147
3.5165
3.5158
3.5146
3.5144
3.5141
3.5144
3.5141
3.5155
3.5151
3.5149
3.5132
3.5158
3.5165
3.5138
3.5133
3.5154
3.5138
3.5150
3.5144
3.5136
3.5124
3.5146
3.5158
3.5147
3.5151
3.5127
3.5151
3.5140
3.5147
3.5147
3.5150
3.5151
3.5128
3.5137
3.5159
3.5136
3.5137
3.5156
3.5153
3.5154
3.5162
3.5160
3.5121
3.5123
3.5135
3.5147
3.5146
3.5129
3.5149
3.5157
3.5158
3.5146
3.5130
3.5131
3.5154
3.5159
3.5157
3.5162
3.5148
3.5152
3.5159
3.5154
3.5143
3.5141
3.5135
3.5154
3.5140
3.5147
3.5142
3.5143
3.5141
3.5155
3.5130
3.5143
3.5127
3.5157
3.5151
3.5137
3.5145
3.5123
3.5146
3.5155
3.5144
3.5140
3.5141
3.5141
3.5151
3.5144
3.5146
3.5162
3.5158
3.5137
3.5118
3.5142
3.5137
3.5141
3.5159
3.5157
3.5154
3.5140
3.5139
3.5135
3.5150
3.5148
3.5148
3.5146
3.5140
3.5108
3.5155
3.5140
3.5141
3.5138
3.5146
3.5140
3.5137
3.5126
3.5129
3.5141
3.5138
3.5140
3.5138
3.5146
3.5137
3.5145
3.5149
3.5147
3.5154
3.5155
3.5151
3.5145
3.5142
3.5135
3.5154
3.5147
3.5141
3.5150
3.5150
3.5154
3.5135
3.5131
3.5131
3.5135
3.5152
3.5157
3.5140
3.5148
3.5156
3.5119
3.5134
3.5135
3.5139
3.5147
3.5145
3.5159
3.5141
3.5161
3.5152
3.5146
3.5149
3.5126
3.5146
3.5147
3.5155
3.5151
3.5153
3.5167
3.5137
3.5140
3.5138
3.5145
3.5135
3.5156
3.5135
3.5142
3.5145
3.5149
3.5151
3.5143
3.5117
3.5151
3.5127
3.5151
3.5149
3.5149
3.5151
3.5149
3.5150
3.5159
3.5146
3.5143
3.5141
3.5149
3.5150
3.5144
3.5149
3.5144
3.5138
3.5134
3.5131
3.5165
3.5154
3.5155
3.5131
3.5151
3.5135
3.5152
3.5149
3.5137
3.5156
3.5164
3.5149
3.5142
3.5124
3.5144
3.5156
3.5156
3.5150
3.5145
3.5161
3.5135
3.5147
3.5152
3.5147
3.5151
3.5153
3.5150
3.5144
3.5147
3.5149
3.5147
3.5157
3.5149
3.5172
3.5147
3.5153
3.5151
3.5138
3.5157
3.5154
3.5152
3.5156
3.5151
3.5147
3.5145
3.5145
3.5138
3.5160
3.5134
3.5142
3.5148
3.5161
3.5142
3.5155
3.5150
3.5151
3.5156
3.5148
3.5146
3.5148
3.5136
3.5141
3.5142
3.5142
3.5165
3.5156
3.5143
3.5150
3.5145
3.5123
3.5161
3.5162
3.5156
3.5161
3.5170
3.5140
3.5148
3.5146
3.5138
3.5147
3.5138
3.5138
3.5154
3.5150
3.5150
3.5116
3.5165
3.5155
3.5159
3.5129
3.5152
3.5151
3.5148
3.5158
3.5163
3.5154
3.5148
3.5134
3.5149
3.5126
3.5144
3.5137
3.5142
3.5146
3.5144
3.5144
3.5158
3.5149
3.5149
3.5150
3.5153
3.5144
3.5140
3.5143
3.5144
3.5151
3.5144
3.5154
3.5141
3.5119
3.5160
3.5137
3.5148
3.5153
3.5150
3.5130
3.5158
3.5168
3.5134
3.5156
3.5159
3.5159
3.5156
3.5153
3.5148
3.5151
3.5152
3.5150
3.5156
3.5161
3.5152
3.5154
3.5144
3.5144
3.5157
3.5154
3.5180
3.5154
3.5154
3.5153
3.5149
3.5147
3.5157
3.5149
3.5145
3.5151
3.5161
3.5162
3.5154
3.5156
3.5149
3.5153
3.5166
3.5156
3.5144
3.5143
3.5156
3.5158
3.5166
3.5147
3.5159
3.5149
3.5146
3.5150
3.5172
3.5148
3.5149
3.5154
3.5137
3.5147
3.5157
3.5160
3.5136
3.5159
3.5152
3.5140
3.5160
3.5142
3.5130
3.5153
3.5168
3.5164
3.5141
3.5151
3.5150
3.5155
3.5143
3.5153
3.5148
3.5134
3.5150
3.5137
3.5145
3.5145
3.5157
3.5155
3.5163
3.5156
3.5160
3.5161
3.5158
3.5144
3.5146
3.5164
3.5149
3.5154
3.5169
3.5170
3.5158
3.5174
3.5157
3.5144
3.5151
3.5166
3.5138
3.5153
3.5168
3.5161
3.5161
3.5149
3.5148
3.5120
3.5138
3.5145
3.5165
3.5151
3.5157
3.5141
3.5133
3.5151
3.5161
3.5155
3.5146
3.5165
3.5167
3.5143
3.5158
3.5147
3.5160
3.5150
3.5154
3.5159
3.5152
3.5146
3.5160
3.5156
3.5148
3.5149
3.5174
3.5170
3.5166
3.5148
3.5153
3.5165
3.5163
3.5160
3.5161
3.5167
3.5157
3.5141
3.5147
3.5147
3.5166
3.5171
3.5152
3.5156
3.5166
3.5152
3.5157
3.5167
3.5150
3.5132
3.5156
3.5151
3.5159
3.5157
3.5159
3.5154
3.5170
3.5144
3.5161
3.5173
3.5146
3.5138
3.5144
3.5150
3.5152
3.5159
3.5156
3.5177
3.5156
3.5170
3.5151
3.5157
3.5156
3.5151
3.5152
3.5141
3.5135
3.5133
3.5162
3.5168
3.5154
3.5160
3.5154
3.5150
3.5150
3.5149
3.5145
3.5164
3.5165
3.5143
3.5155
3.5165
3.5159
3.5160
3.5162
3.5141
3.5166
3.5150
3.5133
3.5155
3.5154
3.5161
3.5147
3.5156
3.5156
3.5154
3.5156
3.5160
3.5158
3.5150
3.5149
3.5153
3.5164
3.5143
3.5166
3.5135
3.5133
3.5164
3.5141
3.5168
3.5154
3.5150
3.5152
3.5163
3.5144
3.5133
3.5165
3.5166
3.5175
3.5149
3.5164
3.5158
3.5176
3.5149
3.5160
3.5137
3.5142
3.5149
3.5158
3.5160
3.5168
3.5152
3.5160
3.5156
3.5143
3.5143
3.5167
3.5165
3.5168
3.5160
3.5141
3.5152
3.5169
3.5159
3.5137
3.5175
3.5165
3.5176
3.5146
3.5139
3.5168
3.5163
3.5163
3.5158
3.5165
3.5161
3.5151
3.5150
3.5147
3.5154
3.5148
3.5146
3.5174
3.5161
3.5162
3.5157
3.5149
3.5150
3.5170
3.5150
3.5154
3.5168
3.5147
3.5145
3.5148
3.5146
3.5155
3.5161
3.5160
3.5150
3.5155
3.5159
3.5151
3.5151
3.5143
3.5155
3.5154
3.5166
3.5160
3.5154
3.5152
3.5155
3.5154
3.5163
3.5161
3.5169
3.5157
3.5152
3.5158
3.5147
3.5155
3.5138
3.5157
3.5152
3.5138
3.5154
3.5135
3.5157
3.5158
3.5151
3.5172
3.5157
3.5152
3.5151
3.5155
3.5149
3.5161
3.5162
3.5155
3.5145
3.5151
3.5174
3.5160
3.5158
3.5161
3.5134
3.5161
3.5171
3.5165
3.5166
3.5169
3.5166
3.5169
3.5162
3.5147
3.5162
3.5152
3.5151
3.5163
3.5143
3.5163
3.5176
3.5173
3.5160
3.5157
3.5154
3.5153
3.5152
3.5170
3.5144
3.5150
3.5170
3.5171
3.5150
3.5154
3.5158
3.5162
3.5154
3.5153
3.5156
3.5158
3.5133
3.5150
3.5169
3.5168
3.5159
3.5165
3.5151
3.5163
3.5144
3.5172
3.5167
3.5137
3.5172
3.5154
3.5162
3.5133
3.5159
3.5155
3.5160
3.5157
3.5164
3.5157
3.5163
3.5169
3.5169
3.5169
3.5155
3.5155
3.5151
3.5174
3.5173
3.5153
3.5160
3.5159
3.5153
3.5151
3.5173
3.5147
3.5157
3.5140
3.5159
3.5152
3.5160
3.5168
3.5168
3.5168
3.5157
3.5167
3.5164
3.5161
3.5157
3.5159
3.5166
3.5159
3.5156
3.5156
3.5157
3.5147
3.5171
3.5165
3.5167
3.5156
3.5155
3.5131
3.5147
3.5147
3.5167
3.5172
3.5160
3.5154
3.5172
3.5166
3.5158
3.5149
3.5137
3.5149
3.5159
3.5169
3.5171
3.5169
3.5118
3.5156
3.5157
3.5127
3.5157
3.5155
3.5163
3.5154
3.5165
3.5168
3.5167
3.5175
3.5180
3.5158
3.5159
3.5171
3.5168
3.5152
3.5135
3.5156
3.5171
3.5138
3.5127
3.5147
3.5161
3.5155
3.5166
3.5166
3.5182
3.5174
3.5154
3.5155
3.5130
3.5146
3.5173
3.5160
3.5162
3.5155
3.5166
3.5154
3.5156
3.5159
3.5155
3.5161
3.5161
3.5167
3.5166
3.5162
3.5167
3.5170
3.5167
3.5154
3.5155
3.5168
3.5176
3.5169
3.5167
3.5137
3.5159
3.5159
3.5160
3.5170
3.5151
3.5145
3.5167
3.5157
3.5151
3.5154
3.5146
3.5166
3.5167
3.5161
3.5164
3.5147
3.5155
3.5163
3.5152
3.5165
3.5167
3.5146
3.5156
3.5157
3.5176
3.5165
3.5168
3.5171
3.5161
3.5157
3.5158
3.5166
3.5166
3.5164
3.5147
3.5154
3.5165
3.5166
3.5168
3.5167
3.5166
3.5160
3.5161
3.5157
3.5150
3.5148
3.5166
3.5168
3.5170
3.5170
3.5165
3.5160
3.5158
3.5158
3.5147
3.5155
3.5160
3.5166
3.5145
3.5185
3.5178
3.5171
3.5157
3.5165
3.5175
3.5174
3.5174
3.5159
3.5154
3.5173
3.5145
3.5140
3.5161
3.5157
3.5167
3.5165
3.5165
3.5163
3.5160
3.5159
3.5160
3.5156
3.5140
3.5168
3.5157
3.5154
3.5162
3.5156
3.5156
3.5154
3.5157
3.5158
3.5160
3.5140
3.5164
3.5160
3.5156
3.5157
3.5138
3.5177
3.5167
3.5157
3.5152
3.5154
3.5169
3.5155
3.5161
3.5172
3.5151
3.5144
3.5156
3.5157
3.5166
3.5149
3.5168
3.5158
3.5158
3.5185
3.5126
3.5152
3.5135
3.5159
3.5158
3.5169
3.5151
3.5147
3.5152
3.5159
3.5164
3.5165
3.5149
3.5165
3.5168
3.5147
3.5158
3.5154
3.5158
3.5149
3.5176
3.5152
3.5134
3.5152
3.5175
3.5164
3.5156
3.5177
3.5184
3.5167
3.5149
3.5151
3.5155
3.5156
3.5149
3.5166
3.5159
3.5166
3.5161
3.5160
3.5164
3.5167
3.5166
3.5160
3.5168
3.5177
3.5167
3.5169
3.5161
3.5171
3.5160
3.5151
3.5149
3.5159
3.5159
3.5168
3.5141
3.5151
3.5167
3.5171
3.5173
3.5159
3.5157
3.5159
3.5155
3.5155
3.5150
3.5153
3.5152
3.5133
3.5167
3.5146
3.5167
3.5158
3.5171
3.5166
3.5155
3.5162
3.5163
3.5162
3.5162
3.5162
3.5166
3.5157
3.5153
3.5163
3.5161
3.5165
3.5156
3.5158
3.5164
3.5163
3.5145
3.5163
3.5157
3.5160
3.5154
3.5160
3.5161
3.5149
3.5156
3.5149
3.5174
3.5164
3.5168
3.5171
3.5149
3.5159
3.5171
3.5164
3.5167
3.5152
3.5171
3.5174
3.5168
3.5161
3.5152
3.5175
3.5174
3.5167
3.5147
3.5150
3.5147
3.5171
3.5175
3.5162
3.5169
3.5161
3.5143
3.5159
3.5169
3.5165
3.5161
3.5154
3.5171
3.5171
3.5168
3.5167
3.5168
3.5144
3.5170
3.5154
3.5158
3.5177
3.5180
3.5165
3.5160
3.5160
3.5155
3.5160
3.5164
3.5176
3.5170
3.5165
3.5179
3.5177
3.5161
3.5161
3.5159
3.5157
3.5151
3.5146
3.5165
3.5156
3.5153
3.5159
3.5160
3.5154
3.5171
3.5171
3.5166
3.5164
3.5151
3.5159
3.5165
3.5167
3.5151
3.5159
3.5161
3.5165
3.5168
3.5158
3.5178
3.5147
3.5167
3.5184
3.5155
3.5159
3.5159
3.5146
3.5175
3.5127
3.5171
3.5170
3.5171
3.5168
3.5173
3.5182
3.5146
3.5160
3.5157
3.5158
3.5161
3.5166
3.5167
3.5142
3.5133
3.5155
3.5157
3.5171
3.5168
3.5169
3.5167
3.5138
3.5158
3.5168
3.5171
3.5168
3.5176
3.5175
3.5169
3.5156
3.5157
3.5147
3.5168
3.5157
3.5154
3.5150
3.5168
3.5161
3.5168
3.5155
3.5180
3.5143
3.5182
3.5176
3.5150
3.5166
3.5173
3.5175
3.5165
3.5146
3.5168
3.5168
3.5169
3.5173
3.5168
3.5165
3.5161
3.5159
3.5167
3.5157
3.5157
3.5176
3.5167
3.5155
3.5158
3.5168
3.5166
3.5164
3.5165
3.5153
3.5161
3.5165
3.5157
3.5169
3.5168
3.5165
3.5175
3.5157
3.5135
3.5161
3.5165
3.5148
3.5150
3.5167
3.5147
3.5152
3.5160
3.5152
3.5155
3.5174
3.5165
3.5164
3.5147
3.5171
3.5164
3.5160
3.5165
3.5149
3.5174
3.5168
3.5164
3.5157
3.5175
3.5168
3.5169
3.5168
3.5169
3.5159
3.5155
3.5148
3.5155
3.5167
3.5160
3.5170
3.5163
3.5154
3.5160
3.5180
3.5159
3.5164
3.5174
3.5170
3.5171
3.5170
3.5168
3.5166
3.5172
3.5167
3.5169
3.5168
3.5164
3.5152
3.5159
3.5173
3.5168
3.5168
3.5170
3.5157
3.5170
3.5155
3.5163
3.5161
3.5165
3.5160
3.5135
3.5146
3.5174
3.5161
3.5147
3.5172
3.5177
3.5178
3.5169
3.5159
3.5159
3.5165
3.5169
3.5168
3.5147
3.5157
3.5171
3.5172
3.5165
3.5177
3.5173
3.5170
3.5183
3.5143
3.5160
3.5162
3.5165
3.5168
3.5167
3.5159
3.5161
3.5168
3.5177
3.5149
3.5169
3.5163
3.5153
3.5165
3.5162
3.5161
3.5163
3.5153
3.5155
3.5166
3.5159
3.5156
3.5165
3.5162
3.5168
3.5165
3.5163
3.5163
3.5160
3.5155
3.5158
3.5156
3.5168
3.5174
3.5183
3.5164
3.5166
3.5176
3.5180
3.5168
3.5160
3.5174
3.5160
3.5154
3.5151
3.5151
3.5154
3.5170
3.5168
3.5123
3.5160
3.5169
3.5175
3.5167
3.5157
3.5153
3.5168
3.5138
3.5161
3.5171
3.5170
3.5168
3.5161
3.5161
3.5174
3.5175
3.5141
3.5161
3.5165
3.5150
3.5152
3.5165
3.5173
3.5173
3.5170
3.5150
3.5156
3.5177
3.5170
3.5178
3.5179
3.5151
3.5161
3.5171
3.5172
3.5153
3.5175
3.5172
3.5172
3.5148
3.5153
3.5165
3.5168
3.5155
3.5175
3.5170
3.5163
3.5179
3.5189
3.5173
3.5144
3.5155
3.5166
3.5173
3.5177
3.5155
3.5142
3.5160
3.5163
3.5168
3.5151
3.5174
3.5191
3.5155
3.5135
3.5169
3.5178
3.5151
3.5163
3.5182
3.5160
3.5170
3.5170
3.5180
3.5165
3.5167
3.5169
3.5141
3.5185
3.5167
3.5171
3.5153
3.5152
3.5170
3.5165
3.5141
3.5163
3.5149
3.5180
3.5182
3.5164
3.5166
3.5165
3.5165
3.5149
3.5174
3.5176
3.5163
3.5171
3.5173
3.5172
3.5165
3.5174
3.5172
3.5175
3.5151
3.5168
3.5166
3.5171
3.5166
3.5156
3.5171
3.5170
3.5166
3.5152
3.5155
3.5162
3.5162
3.5163
3.5169
3.5131
3.5178
3.5164
3.5179
3.5158
3.5183
3.5176
3.5180
3.5172
3.5175
3.5172
3.5171
3.5170
3.5184
3.5176
3.5169
3.5189
3.5173
3.5170
3.5175
3.5168
3.5182
3.5170
3.5175
3.5175
3.5172
3.5166
3.5171
3.5183
3.5172
3.5155
3.5162
3.5172
3.5163
3.5167
3.5161
3.5155
3.5169
3.5168
3.5173
3.5179
3.5174
3.5169
3.5160
3.5183
3.5154
3.5158
3.5152
3.5158
3.5169
3.5151
3.5179
3.5159
3.5174
3.5160
3.5161
3.5167
3.5175
3.5170
3.5157
3.5156
3.5175
3.5157
3.5169
3.5183
3.5183
3.5180
3.5174
3.5159
3.5168
3.5190
3.5158
3.5163
3.5159
3.5159
3.5167
3.5176
3.5159
3.5181
3.5173
3.5169
3.5179
3.5185
3.5175
3.5163
3.5171
3.5166
3.5159
3.5177
3.5175
3.5152
3.5165
3.5169
3.5163
3.5170
3.5168
3.5170
3.5171
3.5170
3.5161
3.5164
3.5166
3.5162
3.5168
3.5172
3.5175
3.5173
3.5175
3.5179
3.5157
3.5161
3.5166
3.5163
3.5166
3.5168
3.5151
3.5162
3.5184
3.5175
3.5135
3.5169
3.5175
3.5174
3.5170
3.5166
3.5182
3.5172
3.5175
3.5178
3.5174
3.5174
3.5144
3.5161
3.5174
3.5157
3.5160
3.5160
3.5179
3.5168
3.5173
3.5179
3.5183
3.5189
3.5163
3.5166
3.5157
3.5188
3.5170
3.5161
3.5169
3.5164
3.5156
3.5178
3.5174
3.5181
3.5172
3.5176
3.5174
3.5160
3.5167
3.5185
3.5181
3.5176
3.5169
3.5169
3.5159
3.5159
3.5169
3.5177
3.5178
3.5185
3.5170
3.5163
3.5168
3.5166
3.5163
3.5165
3.5179
3.5171
3.5177
3.5173
3.5168
3.5171
3.5180
3.5177
3.5147
3.5155
3.5165
3.5154
3.5147
3.5177
3.5171
3.5174
3.5155
3.5153
3.5175
3.5173
3.5172
3.5172
3.5168
3.5163
3.5164
3.5158
3.5179
3.5161
3.5166
3.5178
3.5182
3.5166
3.5180
3.5187
3.5159
3.5157
3.5180
3.5168
3.5156
3.5182
3.5182
3.5173
3.5169
3.5175
3.5161
3.5162
3.5164
3.5174
3.5159
3.5163
3.5161
3.5168
3.5189
3.5177
3.5169
3.5172
3.5166
3.5175
3.5157
3.5174
3.5167
3.5172
3.5179
3.5168
3.5155
3.5157
3.5159
3.5168
3.5165
3.5165
3.5181
3.5176
3.5168
3.5184
3.5180
3.5164
3.5169
3.5169
3.5160
3.5159
3.5163
3.5145
3.5151
3.5175
3.5161
3.5149
3.5161
3.5179
3.5173
3.5187
3.5177
3.5169
3.5173
3.5168
3.5160
3.5179
3.5183
3.5168
3.5177
3.5175
3.5178
3.5174
3.5159
3.5158
3.5171
3.5154
3.5163
3.5170
3.5178
3.5180
3.5177
3.5176
3.5172
3.5169
3.5183
3.5175
3.5165
3.5154
3.5180
3.5180
3.5184
3.5177
3.5174
3.5160
3.5169
3.5196
3.5168
3.5177
3.5175
3.5195
3.5179
3.5177
3.5177
3.5184
3.5187
3.5181
3.5183
3.5183
3.5178
3.5175
3.5173
3.5175
3.5172
3.5161
3.5184
3.5160
3.5170
3.5171
3.5174
3.5177
3.5180
3.5182
3.5189
3.5171
3.5167
3.5163
3.5180
3.5155
3.5170
3.5162
3.5183
3.5185
3.5186
3.5162
3.5173
3.5175
3.5167
3.5176
3.5176
3.5176
3.5166
3.5171
3.5166
3.5172
3.5161
3.5178
3.5177
3.5139
3.5170
3.5174
3.5179
3.5175
3.5157
3.5177
3.5166
3.5171
3.5170
3.5170
3.5165
3.5170
3.5166
3.5173
3.5166
3.5171
3.5177
3.5164
3.5161
3.5155
3.5177
3.5151
3.5180
3.5174
3.5165
3.5144
3.5170
3.5174
3.5176
3.5161
3.5180
3.5171
3.5165
3.5167
3.5179
3.5175
3.5157
3.5154
3.5176
3.5164
3.5171
3.5166
3.5174
3.5179
3.5189
3.5165
3.5182
3.5154
3.5168
3.5191
3.5185
3.5169
3.5156
3.5166
3.5187
3.5174
3.5189
3.5194
3.5184
3.5161
3.5179
3.5139
3.5184
3.5185
3.5169
3.5176
3.5165
3.5158
3.5179
3.5162
3.5177
3.5180
3.5177
3.5166
3.5170
3.5161
3.5177
3.5165
3.5178
3.5181
3.5186
3.5183
3.5179
3.5172
3.5191
3.5177
3.5185
3.5183
3.5182
3.5178
3.5154
3.5154
3.5171
3.5179
3.5165
3.5161
3.5151
3.5170
3.5198
3.5192
3.5159
3.5160
3.5190
3.5166
3.5169
3.5183
3.5159
3.5175
3.5189
3.5186
3.5133
3.5186
3.5159
3.5182
3.5169
3.5180
3.5155
3.5182
3.5193
3.5156
3.5151
3.5186
3.5162
3.5176
3.5164
3.5166
3.5148
3.5168
3.5170
3.5167
3.5168
3.5160
3.5163
3.5169
3.5183
3.5174
3.5180
3.5187
3.5188
3.5154
3.5171
3.5173
3.5177
3.5174
3.5168
3.5172
3.5170
3.5170
3.5168
3.5188
3.5155
3.5183
3.5176
3.5184
3.5180
3.5188
3.5176
3.5172
3.5171
3.5168
3.5167
3.5168
3.5147
3.5163
3.5187
3.5180
3.5168
3.5182
3.5159
3.5187
3.5180
3.5165
3.5182
3.5154
3.5179
3.5166
3.5185
3.5176
3.5180
3.5165
3.5181
3.5167
3.5187
3.5180
3.5155
3.5174
3.5164
3.5177
3.5170
3.5163
3.5159
3.5166
3.5175
3.5179
3.5182
3.5177
3.5163
3.5174
3.5160
3.5180
3.5180
3.5180
3.5173
3.5152
3.5177
3.5181
3.5182
3.5181
3.5159
3.5176
3.5175
3.5171
3.5171
3.5166
3.5167
3.5169
3.5178
3.5174
3.5165
3.5163
3.5172
3.5171
3.5167
3.5185
3.5163
3.5185
3.5186
3.5168
3.5169
3.5170
3.5161
3.5169
3.5160
3.5182
3.5187
3.5157
3.5161
3.5169
3.5163
3.5167
3.5166
3.5170
3.5157
3.5193
3.5182
3.5174
3.5177
3.5161
3.5168
3.5165
3.5180
3.5180
3.5178
3.5152
3.5184
3.5175
3.5173
3.5132
3.5159
3.5182
3.5161
3.5174
3.5175
3.5180
3.5172
3.5179
3.5176
3.5179
3.5161
3.5188
3.5172
3.5181
3.5177
3.5173
3.5175
3.5178
3.5160
3.5161
3.5156
3.5153
3.5168
3.5137
3.5160
3.5187
3.5174
3.5169
3.5164
3.5175
3.5169
3.5185
3.5191
3.5184
3.5198
3.5177
3.5175
3.5180
3.5174
3.5181
3.5169
3.5166
3.5156
3.5182
3.5174
3.5173
3.5180
3.5179
3.5176
3.5169
3.5182
3.5173
3.5179
3.5174
3.5186
3.5169
3.5159
3.5182
3.5189
3.5165
3.5179
3.5181
3.5176
3.5180
3.5182
3.5161
3.5180
3.5172
3.5178
3.5167
3.5163
3.5189
3.5185
3.5184
3.5187
3.5187
3.5169
3.5169
3.5166
3.5171
3.5163
3.5178
3.5170
3.5185
3.5185
3.5163
3.5161
3.5187
3.5183
3.5190
3.5184
3.5175
3.5181
3.5181
3.5182
3.5172
3.5188
3.5168
3.5172
3.5177
3.5180
3.5179
3.5183
3.5177
3.5188
3.5161
3.5179
3.5171
3.5187
3.5192
3.5185
3.5176
3.5177
3.5160
3.5181
3.5186
3.5168
3.5172
3.5197
3.5192
3.5196
3.5194
3.5193
3.5163
3.5165
3.5161
3.5177
3.5189
3.5179
3.5185
3.5189
3.5173
3.5165
3.5155
3.5185
3.5168
3.5169
3.5174
3.5170
3.5189
3.5175
3.5172
3.5178
3.5165
3.5171
3.5172
3.5167
3.5179
3.5173
3.5182
3.5181
3.5182
3.5176
3.5162
3.5179
3.5169
3.5171
3.5182
3.5180
3.5176
3.5171
3.5179
3.5184
3.5166
3.5187
3.5181
3.5170
3.5177
3.5172
3.5179
3.5187
3.5160
3.5187
3.5164
3.5171
3.5168
3.5175
3.5187
3.5180
3.5179
3.5182
3.5186
3.5184
3.5175
3.5176
3.5170
3.5190
3.5196
3.5198
3.5162
3.5161
3.5164
3.5188
3.5166
3.5151
3.5165
3.5173
3.5184
3.5180
3.5184
3.5174
3.5180
3.5188
3.5181
3.5181
3.5165
3.5182
3.5166
3.5190
3.5160
3.5154
3.5167
3.5185
3.5178
3.5175
3.5174
3.5175
3.5169
3.5187
3.5189
3.5191
3.5182
3.5161
3.5188
3.5181
3.5175
3.5170
3.5187
3.5175
3.5198
3.5201
3.5172
3.5178
3.5173
3.5188
3.5181
3.5191
3.5188
3.5174
3.5173
3.5187
3.5173
3.5177
3.5176
3.5187
3.5175
3.5169
3.5186
3.5199
3.5164
3.5171
3.5153
3.5164
3.5175
3.5170
3.5172
3.5188
3.5186
3.5177
3.5183
3.5170
3.5188
3.5175
3.5188
3.5178
3.5185
3.5159
3.5177
3.5147
3.5172
3.5173
3.5181
3.5166
3.5176
3.5165
3.5179
3.5157
3.5154
3.5190
3.5174
3.5189
3.5182
3.5169
3.5188
3.5187
3.5183
3.5179
3.5192
3.5163
3.5156
3.5178
3.5182
3.5168
3.5163
3.5163
3.5169
3.5183
3.5193
3.5175
3.5187
3.5183
3.5161
3.5173
3.5176
3.5181
3.5189
3.5169
3.5178
3.5174
3.5177
3.5193
3.5195
3.5169
3.5169
3.5187
3.5188
3.5160
3.5189
3.5185
3.5182
3.5182
3.5170
3.5164
3.5187
3.5182
3.5183
3.5177
3.5181
3.5165
3.5172
3.5178
3.5178
3.5199
3.5181
3.5157
3.5181
3.5187
3.5191
3.5181
3.5187
3.5180
3.5185
3.5182
3.5159
3.5181
3.5177
3.5175
3.5178
3.5176
3.5183
3.5187
3.5172
3.5175
3.5189
3.5176
3.5186
3.5183
3.5165
3.5150
3.5180
3.5180
3.5179
3.5146
3.5189
3.5185
3.5175
3.5174
3.5178
3.5185
3.5190
3.5195
3.5193
3.5174
3.5183
3.5196
3.5168
3.5157
3.5194
3.5175
3.5189
3.5179
3.5175
3.5188
3.5169
3.5148
3.5165
3.5183
3.5180
3.5185
3.5182
3.5180
3.5182
3.5178
3.5184
3.5169
3.5188
3.5180
3.5168
3.5172
3.5168
3.5177
3.5197
3.5177
3.5169
3.5181
3.5182
3.5171
3.5168
3.5181
3.5185
3.5189
3.5177
3.5167
3.5167
3.5179
3.5187
3.5174
3.5180
3.5168
3.5191
3.5184
3.5180
3.5165
3.5183
3.5179
3.5204
3.5199
3.5177
3.5174
3.5180
3.5180
3.5181
3.5169
3.5178
3.5177
3.5167
3.5168
3.5177
3.5181
3.5165
3.5168
3.5167
3.5183
3.5192
3.5188
3.5186
3.5186
3.5167
3.5198
3.5190
3.5181
3.5190
3.5167
3.5182
3.5185
3.5168
3.5188
3.5166
3.5182
3.5185
3.5185
3.5191
3.5177
3.5187
3.5183
3.5184
3.5180
3.5182
3.5181
3.5181
3.5181
3.5183
3.5183
3.5176
3.5182
3.5175
3.5178
3.5172
3.5171
3.5190
3.5156
3.5189
3.5186
3.5185
3.5168
3.5153
3.5179
3.5182
3.5181
3.5171
3.5183
3.5175
3.5176
3.5174
3.5170
3.5163
3.5185
3.5189
3.5173
3.5154
3.5170
3.5176
3.5190
3.5187
3.5173
3.5182
3.5176
3.5190
3.5189
3.5183
3.5152
3.5169
3.5179
3.5187
3.5191
3.5187
3.5182
3.5171
3.5175
3.5177
3.5173
3.5184
3.5186
3.5189
3.5171
3.5175
3.5187
3.5167
3.5180
3.5174
3.5165
3.5162
3.5182
3.5183
3.5190
3.5186
3.5183
3.5182
3.5173
3.5167
3.5163
3.5180
3.5157
3.5175
3.5169
3.5172
3.5168
3.5175
3.5179
3.5176
3.5183
3.5166
3.5183
3.5194
3.5185
3.5181
3.5172
3.5168
3.5171
3.5156
3.5196
3.5191
3.5180
3.5183
3.5187
3.5171
3.5185
3.5163
3.5170
3.5173
3.5188
3.5180
3.5179
3.5183
3.5182
3.5161
3.5183
3.5190
3.5180
3.5183
3.5183
3.5182
3.5159
3.5179
3.5181
3.5182
3.5197
3.5156
3.5198
3.5161
3.5177
3.5182
3.5191
3.5176
3.5180
3.5163
3.5174
3.5177
3.5177
3.5178
3.5188
3.5176
3.5160
3.5179
3.5178
3.5172
3.5185
3.5173
3.5168
3.5180
3.5183
3.5172
3.5171
3.5172
3.5181
3.5172
3.5168
3.5176
3.5202
3.5168
3.5169
3.5178
3.5184
3.5190
3.5183
3.5197
3.5184
3.5184
3.5187
3.5188
3.5194
3.5193
3.5189
3.5174
3.5172
3.5168
3.5189
3.5189
3.5192
3.5189
3.5185
3.5154
3.5153
3.5185
3.5155
3.5157
3.5188
3.5169
3.5182
3.5184
3.5167
3.5183
3.5180
3.5190
3.5161
3.5169
3.5169
3.5197
3.5192
3.5162
3.5176
3.5190
3.5172
3.5179
3.5180
3.5177
3.5191
3.5186
3.5188
3.5173
3.5170
3.5183
3.5182
3.5191
3.5195
3.5200
3.5185
3.5155
3.5171
3.5189
3.5158
3.5185
3.5172
3.5188
3.5177
3.5168
3.5171
3.5185
3.5185
3.5182
3.5179
3.5180
3.5183
3.5182
3.5191
3.5192
3.5191
3.5185
3.5177
3.5161
3.5176
3.5184
3.5185
3.5187
3.5190
3.5174
3.5174
3.5189
3.5172
3.5193
3.5182
3.5182
3.5172
3.5159
3.5183
3.5177
3.5183
3.5154
3.5174
3.5183
3.5187
3.5185
3.5175
3.5193
3.5188
3.5185
3.5167
3.5189
3.5183
3.5191
3.5176
3.5170
3.5194
3.5193
3.5171
3.5175
3.5174
3.5175
3.5173
3.5179
3.5186
3.5177
3.5184
3.5131
3.5168
3.5201
3.5189
3.5193
3.5164
3.5170
3.5175
3.5165
3.5199
3.5184
3.5179
3.5180
3.5189
3.5179
3.5181
3.5184
3.5161
3.5171
3.5179
3.5191
3.5202
3.5200
3.5190
3.5187
3.5192
3.5188
3.5186
3.5172
3.5194
3.5190
3.5190
3.5181
3.5181
3.5177
3.5183
3.5182
3.5171
3.5193
3.5182
3.5172
3.5174
3.5177
3.5179
3.5187
3.5189
3.5192
3.5191
3.5180
3.5193
3.5189
3.5189
3.5163
3.5168
3.5193
3.5192
3.5196
3.5191
3.5171
3.5174
3.5190
3.5181
3.5186
3.5201
3.5172
3.5192
3.5189
3.5182
3.5143
3.5195
3.5196
3.5176
3.5173
3.5197
3.5195
3.5179
3.5180
3.5179
3.5196
3.5191
3.5189
3.5174
3.5189
3.5189
3.5194
3.5199
3.5195
3.5193
3.5178
3.5191
3.5180
3.5173
3.5188
3.5185
3.5180
3.5171
3.5197
3.5154
3.5180
3.5188
3.5172
3.5188
3.5207
3.5176
3.5192
3.5190
3.5199
3.5172
3.5184
3.5164
3.5168
3.5187
3.5177
3.5183
3.5182
3.5172
3.5194
3.5180
3.5180
3.5168
3.5171
3.5178
3.5171
3.5188
3.5186
3.5199
3.5172
3.5186
3.5194
3.5189
3.5184
3.5191
3.5171
3.5187
3.5183
3.5177
3.5193
3.5193
3.5167
3.5189
3.5179
3.5183
3.5186
3.5180
3.5178
3.5192
3.5176
3.5194
3.5165
3.5169
3.5182
3.5162
3.5194
3.5198
3.5186
3.5202
3.5203
3.5199
3.5178
3.5195
3.5184
3.5184
3.5203
3.5191
3.5168
3.5179
3.5191
3.5196
3.5198
3.5190
3.5193
3.5186
3.5187
3.5189
3.5175
3.5177
3.5201
3.5185
3.5174
3.5194
3.5182
3.5203
3.5190
3.5175
3.5198
3.5182
3.5176
3.5194
3.5173
3.5195
3.5197
3.5183
3.5172
3.5163
3.5191
3.5188
3.5182
3.5189
3.5177
3.5191
3.5157
3.5184
3.5189
3.5205
3.5180
3.5183
3.5182
3.5182
3.5183
3.5186
3.5194
3.5177
3.5186
3.5167
3.5209
3.5198
3.5193
3.5186
3.5184
3.5185
3.5177
3.5181
3.5184
3.5185
3.5189
3.5181
3.5202
3.5208
3.5205
3.5192
3.5177
3.5190
3.5199
3.5174
3.5191
3.5182
3.5199
3.5185
3.5178
3.5182
3.5181
3.5181
3.5175
3.5192
3.5193
3.5201
3.5170
3.5183
3.5189
3.5185
3.5179
3.5177
3.5181
3.5160
3.5193
3.5201
3.5185
3.5193
3.5188
3.5183
3.5184
3.5182
3.5183
3.5191
3.5172
3.5179
3.5193
3.5199
3.5172
3.5189
3.5180
3.5177
3.5181
3.5207
3.5184
3.5191
3.5188
3.5182
3.5182
3.5174
3.5209
3.5194
3.5186
3.5183
3.5182
3.5180
3.5188
3.5209
3.5160
3.5180
3.5188
3.5194
3.5198
3.5186
3.5194
3.5186
3.5174
3.5172
3.5173
3.5182
3.5167
3.5170
3.5171
3.5179
3.5192
3.5202
3.5199
3.5185
3.5173
3.5183
3.5185
3.5187
3.5185
3.5186
3.5186
3.5193
3.5195
3.5177
3.5178
3.5180
3.5193
3.5179
3.5189
3.5189
3.5178
3.5187
3.5194
3.5184
3.5187
3.5189
3.5182
3.5187
3.5184
3.5188
3.5189
3.5183
3.5185
3.5199
3.5182
3.5204
3.5189
3.5193
3.5189
3.5189
3.5199
3.5172
3.5182
3.5191
3.5171
3.5188
3.5182
3.5183
3.5183
3.5175
3.5181
3.5186
3.5180
3.5180
3.5180
3.5187
3.5184
3.5189
3.5190
3.5189
3.5168
3.5168
3.5194
3.5204
3.5188
3.5189
3.5189
3.5194
3.5188
3.5188
3.5178
3.5196
3.5193
3.5191
3.5190
3.5187
3.5170
3.5181
3.5180
3.5176
3.5186
3.5187
3.5182
3.5194
3.5170
3.5184
3.5174
3.5186
3.5185
3.5191
3.5166
3.5188
3.5185
3.5178
3.5195
3.5199
3.5184
3.5176
3.5184
3.5191
3.5175
3.5201
3.5197
3.5182
3.5159
3.5171
3.5170
3.5182
3.5189
3.5182
3.5169
3.5182
3.5182
3.5184
3.5171
3.5188
3.5179
3.5198
3.5180
3.5171
3.5191
3.5198
3.5174
3.5181
3.5182
3.5185
3.5170
3.5188
3.5177
3.5191
3.5187
3.5186
3.5183
3.5176
3.5191
3.5186
3.5185
3.5171
3.5182
3.5177
3.5182
3.5198
3.5197
3.5186
3.5199
3.5182
3.5190
3.5188
3.5180
3.5189
3.5199
3.5198
3.5189
3.5183
3.5177
3.5187
3.5185
3.5161
3.5179
3.5194
3.5203
3.5198
3.5201
3.5198
3.5170
3.5183
3.5191
3.5189
3.5191
3.5169
3.5198
3.5202
3.5195
3.5185
3.5201
3.5185
3.5178
3.5188
3.5185
3.5184
3.5190
3.5187
3.5185
3.5184
3.5184
3.5183
3.5172
3.5198
3.5195
3.5200
3.5181
3.5178
3.5182
3.5186
3.5208
3.5169
3.5185
3.5170
3.5172
3.5179
3.5183
3.5163
3.5167
3.5189
3.5192
3.5191
3.5164
3.5180
3.5184
3.5181
3.5194
3.5188
3.5189
3.5186
3.5177
3.5187
3.5196
3.5184
3.5188
3.5187
3.5192
3.5169
3.5199
3.5194
3.5204
3.5194
3.5189
3.5179
3.5187
3.5194
3.5154
3.5179
3.5188
3.5190
3.5172
3.5190
3.5174
3.5180
3.5194
3.5181
3.5194
3.5177
3.5186
3.5196
3.5171
3.5184
3.5179
3.5193
3.5199
3.5185
3.5183
3.5155
3.5187
3.5190
3.5197
3.5162
3.5199
3.5194
3.5199
3.5183
3.5183
3.5201
3.5189
3.5189
3.5192
3.5177
3.5188
3.5182
3.5183
3.5182
3.5197
3.5182
3.5180
3.5174
3.5194
3.5189
3.5205
3.5184
3.5165
3.5174
3.5183
3.5170
3.5174
3.5182
3.5182
3.5199
3.5200
3.5203
3.5200
3.5181
3.5170
3.5179
3.5182
3.5159
3.5187
3.5194
3.5189
3.5189
3.5198
3.5182
3.5182
3.5197
3.5168
3.5172
3.5194
3.5174
3.5190
3.5182
3.5177
3.5194
3.5188
3.5177
3.5198
3.5194
3.5179
3.5192
3.5194
3.5175
3.5189
3.5184
3.5182
3.5197
3.5198
3.5196
3.5205
3.5189
3.5175
3.5189
3.5160
3.5180
3.5187
3.5199
3.5185
3.5182
3.5185
3.5180
3.5180
3.5188
3.5178
3.5176
3.5169
3.5171
3.5192
3.5198
3.5189
3.5190
3.5188
3.5185
3.5201
3.5183
3.5179
3.5209
3.5198
3.5194
3.5200
3.5196
3.5177
3.5189
3.5172
3.5197
3.5186
3.5183
3.5185
3.5172
3.5179
3.5194
3.5199
3.5202
3.5182
3.5188
3.5172
3.5186
3.5186
3.5196
3.5169
3.5198
3.5198
3.5197
3.5193
3.5193
3.5199
3.5180
3.5178
3.5154
3.5183
3.5189
3.5182
3.5185
3.5176
3.5180
3.5187
3.5189
3.5187
3.5188
3.5178
3.5189
3.5206
3.5191
3.5171
3.5196
3.5193
3.5199
3.5202
3.5172
3.5173
3.5169
3.5192
3.5198
3.5186
3.5180
3.5180
3.5187
3.5172
3.5179
3.5183
3.5184
3.5198
3.5204
3.5182
3.5166
3.5194
3.5174
3.5193
3.5185
3.5184
3.5181
3.5171
3.5190
3.5176
3.5179
3.5189
3.5186
3.5182
3.5182
3.5182
3.5176
3.5191
3.5181
3.5194
3.5183
3.5173
3.5207
3.5199
3.5200
3.5195
3.5194
3.5194
3.5191
3.5187
3.5205
3.5191
3.5179
3.5204
3.5195
3.5188
3.5187
3.5197
3.5188
3.5204
3.5198
3.5200
3.5188
3.5182
3.5201
3.5190
3.5185
3.5194
3.5191
3.5195
3.5187
3.5200
3.5193
3.5193
3.5177
3.5187
3.5188
3.5188
3.5194
3.5197
3.5195
3.5189
3.5196
3.5183
3.5197
3.5203
3.5179
3.5180
3.5185
3.5199
3.5207
3.5183
3.5186
3.5187
3.5191
3.5188
3.5196
3.5192
3.5168
3.5200
3.5198
3.5189
3.5190
3.5191
3.5191
3.5181
3.5184
3.5202
3.5189
3.5187
3.5182
3.5206
3.5200
3.5198
3.5201
3.5179
3.5174
3.5194
3.5170
3.5188
3.5187
3.5196
3.5175
3.5182
3.5188
3.5181
3.5198
3.5180
3.5196
3.5195
3.5185
3.5191
3.5188
3.5190
3.5187
3.5196
3.5193
3.5198
3.5203
3.5186
3.5186
3.5186
3.5180
3.5194
3.5188
3.5187
3.5195
3.5175
3.5191
3.5199
3.5206
3.5202
3.5189
3.5195
3.5182
3.5177
3.5194
3.5190
3.5169
3.5193
3.5188
3.5187
3.5191
3.5197
3.5192
3.5180
3.5177
3.5191
3.5188
3.5167
3.5187
3.5183
3.5188
3.5200
3.5184
3.5175
3.5191
3.5193
3.5187
3.5197
3.5184
3.5178
3.5179
3.5191
3.5197
3.5204
3.5170
3.5179
3.5176
3.5192
3.5198
3.5166
3.5202
3.5201
3.5199
3.5180
3.5175
3.5198
3.5200
3.5189
3.5196
3.5188
3.5202
3.5191
3.5174
3.5186
3.5205
3.5177
3.5199
3.5218
3.5179
3.5196
3.5190
3.5186
3.5183
3.5197
3.5189
3.5193
3.5196
3.5193
3.5172
3.5179
3.5180
3.5196
3.5192
3.5206
3.5196
3.5196
3.5202
3.5180
3.5191
3.5209
3.5168
3.5179
3.5189
3.5199
3.5191
3.5196
3.5188
3.5195
3.5178
3.5172
3.5207
3.5193
3.5190
3.5210
3.5182
3.5194
3.5197
3.5178
3.5186
3.5191
3.5196
3.5180
3.5205
3.5197
3.5194
3.5194
3.5185
3.5176
3.5185
3.5202
3.5209
3.5175
3.5193
3.5184
3.5188
3.5188
3.5188
3.5184
3.5192
3.5180
3.5183
3.5187
3.5198
3.5200
3.5194
3.5199
3.5199
3.5193
3.5195
3.5195
3.5191
3.5182
3.5178
3.5178
3.5188
3.5172
3.5189
3.5190
3.5193
3.5216
3.5181
3.5185
3.5194
3.5196
3.5200
3.5198
3.5193
3.5196
3.5183
3.5212
3.5208
3.5192
3.5186
3.5188
3.5195
3.5194
3.5189
3.5183
3.5201
3.5214
3.5199
3.5199
3.5195
3.5182
3.5188
3.5195
3.5189
3.5202
3.5192
3.5188
3.5183
3.5184
3.5182
3.5182
3.5178
3.5195
3.5194
3.5187
3.5195
3.5180
3.5174
3.5202
3.5193
3.5201
3.5194
3.5170
3.5204
3.5188
3.5182
3.5184
3.5216
3.5205
3.5183
3.5196
3.5206
3.5180
3.5186
3.5187
3.5174
3.5196
3.5186
3.5198
3.5194
3.5187
3.5171
3.5199
3.5193
3.5208
3.5187
3.5187
3.5183
3.5197
3.5207
3.5214
3.5193
3.5188
3.5215
3.5185
3.5186
3.5179
3.5197
3.5191
3.5186
3.5191
3.5181
3.5184
3.5189
3.5203
3.5196
3.5189
3.5172
3.5201
3.5168
3.5167
3.5196
3.5214
3.5196
3.5198
3.5205
3.5188
3.5188
3.5177
3.5199
3.5206
3.5201
3.5194
3.5190
3.5187
3.5190
3.5179
3.5177
3.5186
3.5190
3.5195
3.5195
3.5151
3.5175
3.5180
3.5210
3.5198
3.5185
3.5190
3.5193
3.5185
3.5201
3.5195
3.5194
3.5194
3.5194
3.5193
3.5177
3.5198
3.5184
3.5181
3.5196
3.5180
3.5196
3.5182
3.5181
3.5205
3.5193
3.5187
3.5188
3.5193
3.5185
3.5179
3.5196
3.5191
3.5158
3.5189
3.5185
3.5191
3.5186
3.5186
3.5201
3.5215
3.5199
3.5188
3.5178
3.5187
3.5169
3.5185
3.5197
3.5176
3.5174
3.5201
3.5180
3.5182
3.5207
3.5185
3.5207
3.5183
3.5184
3.5175
3.5177
3.5210
3.5204
3.5187
3.5192
3.5177
3.5196
3.5191
3.5189
3.5201
3.5191
3.5211
3.5202
3.5177
3.5193
3.5190
3.5195
3.5205
3.5191
3.5184
3.5184
3.5179
3.5194
3.5191
3.5174
3.5188
3.5179
3.5183
3.5202
3.5202
3.5194
3.5177
3.5174
3.5183
3.5189
3.5180
3.5185
3.5202
3.5194
3.5197
3.5146
3.5187
3.5202
3.5201
3.5201
3.5202
3.5191
3.5196
3.5194
3.5176
3.5194
3.5185
3.5202
3.5196
3.5188
3.5178
3.5187
3.5187
3.5191
3.5194
3.5179
3.5191
3.5189
3.5198
3.5176
3.5198
3.5180
3.5175
3.5183
3.5195
3.5191
3.5186
3.5188
3.5195
3.5210
3.5181
3.5210
3.5201
3.5183
3.5209
3.5203
3.5187
3.5187
3.5179
3.5206
3.5196
3.5189
3.5206
3.5204
3.5204
3.5204
3.5179
3.5189
3.5179
3.5189
3.5183
3.5187
3.5201
3.5208
3.5190
3.5205
3.5191
3.5203
3.5201
3.5182
3.5181
3.5179
3.5185
3.5197
3.5198
3.5206
3.5189
3.5188
3.5210
3.5202
3.5213
3.5205
3.5212
3.5201
3.5202
3.5189
3.5187
3.5191
3.5199
3.5199
3.5196
3.5200
3.5197
3.5192
3.5192
3.5193
3.5183
3.5190
3.5192
3.5194
3.5183
3.5183
3.5185
3.5191
3.5194
3.5186
3.5182
3.5182
3.5185
3.5190
3.5197
3.5190
3.5195
3.5187
3.5163
3.5188
3.5204
3.5190
3.5188
3.5198
3.5213
3.5175
3.5184
3.5188
3.5182
3.5179
3.5197
3.5202
3.5197
3.5185
3.5222
3.5199
3.5190
3.5172
3.5173
3.5182
3.5208
3.5190
3.5173
3.5200
3.5201
3.5208
3.5186
3.5202
3.5186
3.5177
3.5199
3.5192
3.5205
3.5186
3.5191
3.5198
3.5191
3.5177
3.5206
3.5207
3.5200
3.5182
3.5207
3.5200
3.5177
3.5194
3.5218
3.5203
3.5200
3.5208
3.5188
3.5200
3.5209
3.5201
3.5190
3.5185
3.5177
3.5194
3.5183
3.5208
3.5201
3.5190
3.5202
3.5189
3.5188
3.5195
3.5174
3.5186
3.5177
3.5193
3.5194
3.5185
3.5179
3.5178
3.5207
3.5201
3.5198
3.5182
3.5193
3.5190
3.5206
3.5201
3.5215
3.5191
3.5196
3.5201
3.5190
3.5200
3.5199
3.5191
3.5166
3.5178
3.5204
3.5188
3.5216
3.5194
3.5180
3.5187
3.5189
3.5173
3.5208
3.5196
3.5201
3.5202
3.5202
3.5203
3.5192
3.5199
3.5192
3.5185
3.5209
3.5199
3.5198
3.5191
3.5179
3.5188
3.5188
3.5195
3.5200
3.5185
3.5181
3.5198
3.5194
3.5198
3.5191
3.5196
3.5198
3.5186
3.5191
3.5194
3.5182
3.5195
3.5193
3.5198
3.5201
3.5198
3.5187
3.5196
3.5192
3.5201
3.5194
3.5199
3.5198
3.5204
3.5205
3.5203
3.5185
3.5195
3.5184
3.5171
3.5177
3.5195
3.5190
3.5206
3.5184
3.5198
3.5195
3.5187
3.5178
3.5178
3.5194
3.5191
3.5193
3.5194
3.5179
3.5204
3.5202
3.5178
3.5183
3.5188
3.5198
3.5194
3.5209
3.5207
3.5196
3.5188
3.5194
3.5199
3.5175
3.5202
3.5205
3.5216
3.5213
3.5204
3.5199
3.5180
3.5187
3.5188
3.5194
3.5187
3.5171
3.5183
3.5203
3.5203
3.5201
3.5178
3.5192
3.5198
3.5194
3.5180
3.5179
3.5183
3.5205
3.5202
3.5186
3.5196
3.5201
3.5180
3.5182
3.5159
3.5189
3.5198
3.5174
3.5183
3.5194
3.5168
3.5188
3.5194
3.5196
3.5188
3.5203
3.5179
3.5187
3.5189
3.5193
3.5210
3.5182
3.5184
3.5191
3.5191
3.5195
3.5196
3.5194
3.5190
3.5189
3.5193
3.5194
3.5193
3.5188
3.5192
3.5179
3.5188
3.5182
3.5209
3.5191
3.5194
3.5201
3.5203
3.5193
3.5200
3.5194
3.5207
3.5199
3.5199
3.5189
3.5190
3.5209
3.5177
3.5186
3.5204
3.5207
3.5177
3.5201
3.5204
3.5206
3.5163
3.5207
3.5201
3.5204
3.5201
3.5199
3.5189
3.5198
3.5197
3.5190
3.5185
3.5162
3.5193
3.5194
3.5177
3.5206
3.5215
3.5204
3.5187
3.5180
3.5190
3.5197
3.5204
3.5206
3.5194
3.5201
3.5183
3.5188
3.5197
3.5196
3.5198
3.5201
3.5183
3.5200
3.5185
3.5187
3.5186
3.5190
3.5196
3.5177
3.5177
3.5193
3.5189
3.5207
3.5201
3.5185
3.5195
3.5190
3.5192
3.5190
3.5169
3.5194
3.5190
3.5209
3.5182
3.5205
3.5197
3.5181
3.5191
3.5198
3.5200
3.5202
3.5185
3.5182
3.5209
3.5199
3.5210
3.5207
3.5191
3.5203
3.5199
3.5206
3.5189
3.5213
3.5204
3.5202
3.5210
3.5199
3.5189
3.5190
3.5195
3.5187
3.5201
3.5201
3.5203
3.5206
3.5189
3.5183
3.5203
3.5180
3.5187
3.5183
3.5191
3.5202
3.5214
3.5205
3.5185
3.5192
3.5180
3.5187
3.5193
3.5206
3.5196
3.5198
3.5188
3.5191
3.5197
3.5191
3.5212
3.5195
3.5201
3.5195
3.5201
3.5175
3.5159
3.5192
3.5196
3.5177
3.5181
3.5199
3.5198
3.5202
3.5200
3.5197
3.5184
3.5204
3.5205
3.5177
3.5194
3.5192
3.5185
3.5193
3.5183
3.5196
3.5205
3.5184
3.5195
3.5204
3.5201
3.5185
3.5185
3.5195
3.5208
3.5206
3.5188
3.5199
3.5208
3.5183
3.5186
3.5209
3.5169
3.5197
3.5199
3.5203
3.5203
3.5195
3.5198
3.5199
3.5194
3.5192
3.5206
3.5194
3.5192
3.5188
3.5183
3.5185
3.5173
3.5207
3.5174
3.5181
3.5210
3.5210
3.5192
3.5200
3.5202
3.5207
3.5182
3.5182
3.5210
3.5201
3.5198
3.5187
3.5177
3.5216
3.5180
3.5207
3.5205
3.5180
3.5196
3.5200
3.5194
3.5189
3.5194
3.5185
3.5213
3.5207
3.5207
3.5191
3.5197
3.5197
3.5194
3.5198
3.5184
3.5196
3.5202
3.5198
3.5202
3.5204
3.5204
3.5203
3.5202
3.5202
3.5183
3.5185
3.5185
3.5203
3.5186
3.5191
3.5211
3.5214
3.5189
3.5207
3.5211
3.5195
3.5196
3.5193
3.5172
3.5188
3.5197
3.5206
3.5198
3.5190
3.5199
3.5203
3.5204
3.5202
3.5207
3.5201
3.5177
3.5195
3.5198
3.5201
3.5176
3.5195
3.5196
3.5208
3.5192
3.5201
3.5201
3.5199
3.5188
3.5182
3.5207
3.5183
3.5205
3.5199
3.5180
3.5210
3.5199
3.5201
3.5205
3.5188
3.5198
3.5191
3.5194
3.5183
3.5190
3.5193
3.5184
3.5205
3.5191
3.5208
3.5206
3.5203
3.5200
3.5201
3.5202
3.5184
3.5176
3.5194
3.5191
3.5189
3.5193
3.5207
3.5186
3.5191
3.5175
3.5194
3.5202
3.5202
3.5204
3.5199
3.5212
3.5186
3.5207
3.5196
3.5214
3.5207
3.5183
3.5188
3.5212
3.5218
3.5182
3.5192
3.5190
3.5197
3.5202
3.5186
3.5183
3.5183
3.5196
3.5200
3.5195
3.5201
3.5194
3.5188
3.5201
3.5198
3.5195
3.5193
3.5203
3.5199
3.5206
3.5196
3.5197
3.5204
3.5200
3.5199
3.5198
3.5201
3.5191
3.5216
3.5199
3.5213
3.5199
3.5186
3.5210
3.5202
3.5159
3.5188
3.5207
3.5199
3.5197
3.5205
3.5214
3.5185
3.5211
3.5199
3.5204
3.5182
3.5196
3.5192
3.5188
3.5201
3.5197
3.5193
3.5198
3.5194
3.5190
3.5193
3.5198
3.5203
3.5199
3.5223
3.5208
3.5197
3.5189
3.5197
3.5195
3.5199
3.5207
3.5181
3.5194
3.5214
3.5199
3.5193
3.5205
3.5202
3.5207
3.5185
3.5188
3.5197
3.5201
3.5207
3.5192
3.5179
3.5198
3.5196
3.5203
3.5188
3.5186
3.5186
3.5203
3.5207
3.5189
3.5205
3.5204
3.5200
3.5201
3.5201
3.5201
3.5196
3.5212
3.5205
3.5195
3.5194
3.5189
3.5202
3.5183
3.5175
3.5207
3.5207
3.5192
3.5191
3.5195
3.5184
3.5205
3.5185
3.5200
3.5187
3.5196
3.5208
3.5199
3.5187
3.5187
3.5196
3.5196
3.5191
3.5201
3.5210
3.5182
3.5191
3.5191
3.5196
3.5194
3.5205
3.5197
3.5197
3.5183
3.5194
3.5200
3.5198
3.5187
3.5189
3.5199
3.5186
3.5204
3.5190
3.5171
3.5202
3.5205
3.5201
3.5195
3.5188
3.5185
3.5202
3.5204
3.5187
3.5208
3.5196
3.5206
3.5214
3.5179
3.5193
3.5206
3.5205
3.5202
3.5197
3.5197
3.5192
3.5189
3.5207
3.5202
3.5197
3.5195
3.5198
3.5208
3.5181
3.5193
3.5197
3.5205
3.5191
3.5209
3.5196
3.5203
3.5181
3.5174
3.5188
3.5208
3.5213
3.5199
3.5186
3.5204
3.5189
3.5212
3.5200
3.5198
3.5189
3.5195
3.5197
3.5192
3.5215
3.5206
3.5202
3.5173
3.5198
3.5207
3.5205
3.5208
3.5195
3.5187
3.5200
3.5189
3.5194
3.5191
3.5202
3.5180
3.5192
3.5198
3.5193
3.5197
3.5168
3.5187
3.5198
3.5201
3.5175
3.5194
3.5189
3.5191
3.5194
3.5185
3.5190
3.5199
3.5200
3.5203
3.5201
3.5200
3.5193
3.5218
3.5192
3.5199
3.5199
3.5191
3.5183
3.5201
3.5201
3.5202
3.5192
3.5189
3.5200
3.5203
3.5203
3.5206
3.5203
3.5208
3.5202
3.5208
3.5185
3.5175
3.5196
3.5205
3.5203
3.5176
3.5197
3.5193
3.5201
3.5201
3.5200
3.5204
3.5196
3.5196
3.5203
3.5207
3.5194
3.5196
3.5186
3.5187
3.5209
3.5199
3.5201
3.5208
3.5199
3.5209
3.5194
3.5195
3.5176
3.5207
3.5192
3.5179
3.5182
3.5207
3.5207
3.5190
3.5195
3.5187
3.5189
3.5198
3.5191
3.5191
3.5191
3.5201
3.5184
3.5174
3.5202
3.5193
3.5193
3.5166
3.5199
3.5201
3.5216
3.5198
3.5199
3.5201
3.5206
3.5200
3.5184
3.5208
3.5193
3.5189
3.5209
3.5203
3.5189
3.5210
3.5180
3.5207
3.5196
3.5192
3.5196
3.5207
3.5216
3.5181
3.5199
3.5200
3.5203
3.5192
3.5201
3.5216
3.5205
3.5180
3.5209
3.5192
3.5200
3.5185
3.5182
3.5204
3.5196
3.5194
3.5199
3.5191
3.5196
3.5194
3.5194
3.5195
3.5193
3.5193
3.5171
3.5197
3.5200
3.5212
3.5200
3.5210
3.5204
3.5202
3.5209
3.5191
3.5201
3.5203
3.5189
3.5212
3.5206
3.5198
3.5195
3.5191
3.5188
3.5209
3.5207
3.5196
3.5191
3.5194
3.5185
3.5199
3.5209
3.5217
3.5204
3.5206
3.5185
3.5208
3.5188
3.5201
3.5185
3.5182
3.5208
3.5205
3.5206
3.5193
