sanple_name = a520_freeze
size = 1000um
dry=3.244
pan=2.574
time=1sec

3.2506
3.2510
3.2537
3.2541
3.2562
3.2549
3.2552
3.2535
3.2565
3.2569
3.2583
3.2575
3.2566
3.2572
3.2577
3.2605
3.2600
3.2592
3.2593
3.2592
3.2610
3.2593
3.2603
3.2620
3.2618
3.2609
3.2609
3.2641
3.2627
3.2607
3.2647
3.2662
3.2656
3.2658
3.2627
3.2645
3.2646
3.2650
3.2656
3.2658
3.2654
3.2671
3.2671
3.2690
3.2693
3.2693
3.2691
3.2674
3.2702
3.2716
3.2702
3.2700
3.2700
3.2706
3.2710
3.2718
3.2716
3.2730
3.2726
3.2705
3.2724
3.2725
3.2728
3.2735
3.2722
3.2727
3.2733
3.2746
3.2752
3.2750
3.2748
3.2778
3.2772
3.2743
3.2748
3.2769
3.2777
3.2777
3.2782
3.2787
3.2790
3.2757
3.2773
3.2796
3.2791
3.2772
3.2772
3.2804
3.2819
3.2798
3.2822
3.2810
3.2796
3.2812
3.2820
3.2823
3.2821
3.2815
3.2841
3.2845
3.2850
3.2850
3.2839
3.2844
3.2844
3.2851
3.2841
3.2853
3.2864
3.2868
3.2870
3.2878
3.2880
3.2856
3.2846
3.2891
3.2889
3.2886
3.2899
3.2899
3.2892
3.2890
3.2893
3.2905
3.2909
3.2908
3.2919
3.2923
3.2906
3.2907
3.2918
3.2908
3.2933
3.2950
3.2942
3.2927
3.2947
3.2956
3.2966
3.2950
3.2942
3.2968
3.2969
3.2973
3.2968
3.2970
3.2973
3.2972
3.2985
3.2980
3.2991
3.2994
3.2979
3.2964
3.2960
3.2996
3.3010
3.3010
3.2996
3.3002
3.3019
3.3018
3.3020
3.3016
3.3028
3.3025
3.3028
3.3031
3.3042
3.3035
3.3017
3.3048
3.3065
3.3072
3.3051
3.3050
3.3048
3.3062
3.3063
3.3058
3.3060
3.3059
3.3098
3.3095
3.3077
3.3084
3.3094
3.3080
3.3096
3.3097
3.3089
3.3102
3.3109
3.3086
3.3103
3.3109
3.3111
3.3113
3.3096
3.3103
3.3123
3.3121
3.3132
3.3130
3.3131
3.3123
3.3150
3.3141
3.3142
3.3156
3.3141
3.3140
3.3178
3.3170
3.3155
3.3162
3.3165
3.3153
3.3159
3.3164
3.3187
3.3149
3.3181
3.3193
3.3187
3.3188
3.3180
3.3189
3.3178
3.3197
3.3195
3.3216
3.3199
3.3204
3.3206
3.3219
3.3188
3.3213
3.3213
3.3227
3.3227
3.3225
3.3223
3.3234
3.3216
3.3245
3.3234
3.3244
3.3249
3.3267
3.3248
3.3261
3.3261
3.3262
3.3265
3.3275
3.3277
3.3280
3.3281
3.3291
3.3284
3.3289
3.3280
3.3297
3.3298
3.3295
3.3303
3.3292
3.3298
3.3302
3.3292
3.3320
3.3325
3.3322
3.3317
3.3314
3.3308
3.3323
3.3288
3.3337
3.3321
3.3341
3.3334
3.3345
3.3334
3.3341
3.3344
3.3352
3.3347
3.3343
3.3347
3.3345
3.3361
3.3352
3.3371
3.3368
3.3369
3.3362
3.3370
3.3377
3.3375
3.3385
3.3391
3.3398
3.3401
3.3390
3.3384
3.3400
3.3397
3.3399
3.3416
3.3409
3.3415
3.3381
3.3429
3.3403
3.3408
3.3417
3.3402
3.3415
3.3432
3.3439
3.3439
3.3418
3.3443
3.3433
3.3440
3.3441
3.3430
3.3446
3.3462
3.3474
3.3450
3.3457
3.3481
3.3461
3.3472
3.3477
3.3464
3.3463
3.3474
3.3472
3.3489
3.3493
3.3486
3.3476
3.3495
3.3495
3.3491
3.3490
3.3484
3.3485
3.3495
3.3494
3.3489
3.3490
3.3504
3.3503
3.3507
3.3525
3.3527
3.3491
3.3516
3.3520
3.3548
3.3530
3.3537
3.3537
3.3527
3.3554
3.3551
3.3553
3.3554
3.3541
3.3532
3.3561
3.3546
3.3553
3.3534
3.3574
3.3555
3.3559
3.3587
3.3550
3.3558
3.3588
3.3584
3.3572
3.3587
3.3577
3.3574
3.3584
3.3606
3.3601
3.3586
3.3593
3.3599
3.3608
3.3611
3.3612
3.3604
3.3610
3.3616
3.3630
3.3630
3.3631
3.3644
3.3634
3.3633
3.3639
3.3660
3.3637
3.3659
3.3646
3.3645
3.3648
3.3654
3.3650
3.3656
3.3660
3.3658
3.3654
3.3662
3.3668
3.3679
3.3670
3.3668
3.3682
3.3658
3.3679
3.3677
3.3675
3.3673
3.3677
3.3692
3.3691
3.3690
3.3693
3.3684
3.3695
3.3706
3.3699
3.3716
3.3689
3.3700
3.3710
3.3712
3.3714
3.3720
3.3723
3.3723
3.3715
3.3735
3.3734
3.3728
3.3736
3.3723
3.3717
3.3729
3.3747
3.3754
3.3732
3.3736
3.3747
3.3757
3.3766
3.3765
3.3762
3.3737
3.3735
3.3761
3.3767
3.3764
3.3763
3.3763
3.3770
3.3760
3.3773
3.3795
3.3791
3.3787
3.3790
3.3798
3.3795
3.3803
3.3807
3.3810
3.3820
3.3806
3.3803
3.3807
3.3824
3.3812
3.3818
3.3820
3.3811
3.3817
3.3818
3.3814
3.3830
3.3830
3.3830
3.3818
3.3827
3.3826
3.3836
3.3830
3.3857
3.3833
3.3835
3.3837
3.3852
3.3836
3.3822
3.3858
3.3855
3.3875
3.3881
3.3869
3.3873
3.3882
3.3858
3.3856
3.3891
3.3843
3.3884
3.3876
3.3890
3.3873
3.3874
3.3899
3.3896
3.3896
3.3893
3.3884
3.3884
3.3906
3.3909
3.3907
3.3911
3.3917
3.3918
3.3909
3.3918
3.3905
3.3906
3.3925
3.3925
3.3940
3.3933
3.3935
3.3937
3.3939
3.3934
3.3932
3.3938
3.3948
3.3953
3.3951
3.3945
3.3949
3.3954
3.3923
3.3952
3.3952
3.3959
3.3960
3.3958
3.3964
3.3973
3.3972
3.3964
3.3968
3.3975
3.3978
3.3996
3.3976
3.3998
3.3996
3.3981
3.3998
3.3988
3.3983
3.4004
3.3999
3.3975
3.3998
3.3992
3.4006
3.4015
3.4009
3.4010
3.3999
3.4020
3.4025
3.4003
3.4012
3.4014
3.4024
3.4021
3.4018
3.4009
3.4023
3.4029
3.4054
3.4053
3.4049
3.4040
3.4042
3.4047
3.4046
3.4061
3.4061
3.4056
3.4053
3.4055
3.4052
3.4043
3.4045
3.4065
3.4066
3.4072
3.4075
3.4076
3.4071
3.4074
3.4050
3.4079
3.4067
3.4078
3.4063
3.4082
3.4089
3.4086
3.4083
3.4084
3.4078
3.4079
3.4098
3.4101
3.4106
3.4106
3.4090
3.4109
3.4092
3.4103
3.4124
3.4123
3.4105
3.4105
3.4122
3.4114
3.4124
3.4119
3.4133
3.4124
3.4115
3.4130
3.4138
3.4131
3.4128
3.4118
3.4142
3.4144
3.4150
3.4132
3.4155
3.4153
3.4141
3.4183
3.4173
3.4158
3.4154
3.4168
3.4147
3.4152
3.4162
3.4168
3.4164
3.4156
3.4175
3.4175
3.4166
3.4192
3.4185
3.4196
3.4167
3.4189
3.4197
3.4198
3.4192
3.4175
3.4193
3.4180
3.4204
3.4204
3.4217
3.4198
3.4195
3.4181
3.4209
3.4200
3.4210
3.4228
3.4228
3.4225
3.4229
3.4226
3.4219
3.4216
3.4232
3.4242
3.4234
3.4232
3.4228
3.4228
3.4224
3.4232
3.4237
3.4239
3.4249
3.4246
3.4250
3.4234
3.4240
3.4241
3.4234
3.4253
3.4259
3.4246
3.4245
3.4248
3.4269
3.4267
3.4279
3.4275
3.4268
3.4259
3.4280
3.4276
3.4286
3.4279
3.4282
3.4264
3.4291
3.4266
3.4285
3.4282
3.4298
3.4303
3.4303
3.4281
3.4292
3.4276
3.4286
3.4289
3.4301
3.4290
3.4301
3.4318
3.4318
3.4306
3.4313
3.4293
3.4311
3.4303
3.4305
3.4312
3.4313
3.4316
3.4317
3.4312
3.4336
3.4326
3.4323
3.4326
3.4326
3.4334
3.4326
3.4342
3.4329
3.4293
3.4349
3.4342
3.4342
3.4360
3.4349
3.4351
3.4353
3.4331
3.4364
3.4363
3.4352
3.4353
3.4359
3.4361
3.4355
3.4357
3.4351
3.4389
3.4390
3.4354
3.4377
3.4388
3.4388
3.4387
3.4387
3.4375
3.4387
3.4371
3.4372
3.4376
3.4390
3.4387
3.4399
3.4400
3.4398
3.4399
3.4367
3.4394
3.4397
3.4384
3.4414
3.4401
3.4423
3.4409
3.4404
3.4405
3.4413
3.4414
3.4418
3.4426
3.4429
3.4426
3.4429
3.4416
3.4421
3.4435
3.4429
3.4411
3.4414
3.4417
3.4435
3.4458
3.4446
3.4429
3.4435
3.4431
3.4446
3.4448
3.4435
3.4441
3.4440
3.4420
3.4456
3.4449
3.4463
3.4455
3.4446
3.4439
3.4453
3.4458
3.4455
3.4465
3.4461
3.4471
3.4469
3.4471
3.4471
3.4467
3.4461
3.4473
3.4480
3.4467
3.4476
3.4474
3.4468
3.4492
3.4471
3.4480
3.4481
3.4499
3.4480
3.4494
3.4501
3.4502
3.4500
3.4500
3.4483
3.4485
3.4499
3.4495
3.4480
3.4514
3.4505
3.4515
3.4477
3.4514
3.4529
3.4498
3.4510
3.4504
3.4506
3.4524
3.4528
3.4525
3.4521
3.4516
3.4492
3.4528
3.4533
3.4540
3.4534
3.4531
3.4523
3.4522
3.4536
3.4536
3.4545
3.4532
3.4533
3.4554
3.4537
3.4557
3.4549
3.4541
3.4549
3.4546
3.4559
3.4557
3.4550
3.4545
3.4562
3.4557
3.4571
3.4543
3.4566
3.4561
3.4575
3.4557
3.4571
3.4554
3.4569
3.4559
3.4565
3.4568
3.4577
3.4577
3.4566
3.4578
3.4572
3.4569
3.4596
3.4585
3.4578
3.4578
3.4557
3.4585
3.4597
3.4591
3.4590
3.4591
3.4604
3.4602
3.4592
3.4609
3.4588
3.4593
3.4613
3.4622
3.4622
3.4610
3.4602
3.4616
3.4610
3.4604
3.4597
3.4611
3.4619
3.4624
3.4613
3.4621
3.4595
3.4611
3.4622
3.4590
3.4618
3.4636
3.4642
3.4638
3.4621
3.4630
3.4636
3.4626
3.4637
3.4645
3.4611
3.4623
3.4625
3.4637
3.4647
3.4647
3.4637
3.4634
3.4631
3.4631
3.4650
3.4643
3.4649
3.4639
3.4642
3.4623
3.4628
3.4636
3.4654
3.4651
3.4651
3.4650
3.4656
3.4639
3.4618
3.4655
3.4662
3.4664
3.4670
3.4657
3.4673
3.4666
3.4676
3.4667
3.4664
3.4663
3.4676
3.4685
3.4668
3.4655
3.4679
3.4657
3.4676
3.4693
3.4664
3.4687
3.4677
3.4685
3.4693
3.4698
3.4685
3.4681
3.4690
3.4687
3.4689
3.4689
3.4689
3.4695
3.4699
3.4694
3.4668
3.4704
3.4698
3.4696
3.4708
3.4707
3.4693
3.4699
3.4719
3.4709
3.4709
3.4701
3.4715
3.4710
3.4704
3.4706
3.4706
3.4706
3.4681
3.4708
3.4730
3.4717
3.4718
3.4679
3.4710
3.4741
3.4726
3.4724
3.4721
3.4704
3.4704
3.4709
3.4708
3.4733
3.4728
3.4742
3.4713
3.4719
3.4739
3.4733
3.4742
3.4747
3.4743
3.4740
3.4746
3.4743
3.4749
3.4758
3.4748
3.4756
3.4746
3.4747
3.4752
3.4734
3.4764
3.4769
3.4768
3.4755
3.4747
3.4750
3.4740
3.4760
3.4762
3.4759
3.4771
3.4757
3.4759
3.4759
3.4760
3.4752
3.4760
3.4767
3.4774
3.4757
3.4779
3.4778
3.4789
3.4786
3.4780
3.4784
3.4774
3.4768
3.4777
3.4784
3.4774
3.4770
3.4777
3.4783
3.4793
3.4783
3.4799
3.4789
3.4780
3.4806
3.4792
3.4788
3.4784
3.4802
3.4796
3.4778
3.4777
3.4778
3.4813
3.4813
3.4786
3.4791
3.4803
3.4809
3.4799
3.4793
3.4824
3.4826
3.4821
3.4803
3.4825
3.4825
3.4793
3.4828
3.4809
3.4807
3.4816
3.4811
3.4806
3.4808
3.4833
3.4829
3.4818
3.4804
3.4810
3.4826
3.4828
3.4824
3.4802
3.4842
3.4824
3.4824
3.4836
3.4833
3.4839
3.4835
3.4835
3.4823
3.4824
3.4817
3.4836
3.4834
3.4831
3.4833
3.4850
3.4835
3.4849
3.4826
3.4840
3.4838
3.4841
3.4829
3.4828
3.4852
3.4862
3.4840
3.4845
3.4844
3.4850
3.4867
3.4855
3.4854
3.4857
3.4838
3.4857
3.4848
3.4873
3.4856
3.4854
3.4832
3.4857
3.4853
3.4857
3.4872
3.4864
3.4870
3.4860
3.4843
3.4876
3.4867
3.4848
3.4876
3.4885
3.4866
3.4871
3.4866
3.4882
3.4864
3.4884
3.4885
3.4872
3.4877
3.4876
3.4880
3.4873
3.4883
3.4874
3.4891
3.4879
3.4873
3.4882
3.4875
3.4883
3.4873
3.4869
3.4894
3.4887
3.4891
3.4881
3.4878
3.4888
3.4884
3.4884
3.4906
3.4895
3.4889
3.4887
3.4891
3.4899
3.4903
3.4907
3.4907
3.4906
3.4900
3.4909
3.4914
3.4909
3.4898
3.4910
3.4896
3.4916
3.4912
3.4914
3.4915
3.4922
3.4892
3.4905
3.4907
3.4897
3.4911
3.4936
3.4905
3.4901
3.4905
3.4922
3.4930
3.4917
3.4900
3.4917
3.4917
3.4911
3.4910
3.4907
3.4905
3.4921
3.4940
3.4922
3.4917
3.4898
3.4926
3.4906
3.4915
3.4935
3.4934
3.4949
3.4915
3.4947
3.4930
3.4934
3.4929
3.4940
3.4930
3.4920
3.4937
3.4933
3.4924
3.4952
3.4927
3.4925
3.4949
3.4953
3.4921
3.4948
3.4941
3.4942
3.4936
3.4951
3.4949
3.4947
3.4937
3.4956
3.4956
3.4951
3.4954
3.4949
3.4949
3.4966
3.4953
3.4947
3.4967
3.4962
3.4966
3.4970
3.4957
3.4965
3.4951
3.4962
3.4970
3.4967
3.4956
3.4971
3.4961
3.4966
3.4940
3.4971
3.4963
3.4981
3.4972
3.4976
3.4967
3.4967
3.4975
3.4954
3.4964
3.4980
3.4989
3.4981
3.4977
3.4972
3.4978
3.4961
3.4975
3.4961
3.4978
3.4973
3.4967
3.4988
3.4967
3.4979
3.4982
3.4998
3.4982
3.4999
3.5005
3.4984
3.4989
3.4993
3.4983
3.4975
3.4979
3.4991
3.4990
3.4980
3.4983
3.4986
3.4990
3.5001
3.5004
3.5001
3.4991
3.4996
3.4995
3.4983
3.5001
3.4991
3.5014
3.5005
3.5004
3.5003
3.4994
3.4987
3.4987
3.4990
3.5000
3.5012
3.4982
3.4993
3.5014
3.4990
3.5014
3.5016
3.5013
3.5003
3.5012
3.5012
3.5013
3.5025
3.5015
3.5010
3.5003
3.4998
3.4999
3.4997
3.4997
3.5019
3.5011
3.5008
3.5010
3.5013
3.4999
3.5004
3.5005
3.4996
3.5021
3.5026
3.5026
3.5033
3.5020
3.5015
3.5008
3.5032
3.5027
3.5028
3.5029
3.5028
3.5025
3.5017
3.5049
3.5037
3.5017
3.5024
3.5048
3.5033
3.5012
3.5031
3.5021
3.5033
3.5030
3.5034
3.5031
3.5029
3.5032
3.5014
3.5028
3.5014
3.5056
3.5052
3.5030
3.5032
3.5044
3.5026
3.5034
3.5037
3.5033
3.5038
3.5033
3.5044
3.5047
3.5046
3.5046
3.5061
3.5048
3.5048
3.5042
3.5059
3.5066
3.5051
3.5054
3.5039
3.5039
3.5054
3.5063
3.5036
3.5059
3.5058
3.5037
3.5053
3.5062
3.5066
3.5067
3.5053
3.5058
3.5049
3.5041
3.5065
3.5059
3.5058
3.5065
3.5054
3.5033
3.5055
3.5042
3.5069
3.5068
3.5072
3.5057
3.5061
3.5067
3.5056
3.5054
3.5049
3.5072
3.5078
3.5073
3.5071
3.5069
3.5069
3.5063
3.5062
3.5055
3.5070
3.5068
3.5045
3.5067
3.5076
3.5068
3.5067
3.5065
3.5068
3.5070
3.5062
3.5072
3.5067
3.5087
3.5065
3.5075
3.5067
3.5077
3.5074
3.5081
3.5070
3.5081
3.5069
3.5070
3.5070
3.5070
3.5071
3.5076
3.5060
3.5061
3.5092
3.5089
3.5077
3.5079
3.5089
3.5077
3.5089
3.5080
3.5094
3.5083
3.5073
3.5088
3.5096
3.5090
3.5086
3.5081
3.5082
3.5080
3.5068
3.5059
3.5086
3.5089
3.5092
3.5101
3.5082
3.5097
3.5081
3.5100
3.5107
3.5084
3.5078
3.5092
3.5087
3.5067
3.5108
3.5109
3.5109
3.5102
3.5099
3.5089
3.5088
3.5092
3.5092
3.5076
3.5087
3.5083
3.5099
3.5099
3.5068
3.5095
3.5097
3.5091
3.5105
3.5099
3.5105
3.5093
3.5103
3.5107
3.5099
3.5098
3.5088
3.5092
3.5094
3.5111
3.5092
3.5103
3.5107
3.5097
3.5104
3.5087
3.5111
3.5105
3.5109
3.5113
3.5095
3.5093
3.5108
3.5136
3.5120
3.5098
3.5108
3.5109
3.5102
3.5107
3.5084
3.5111
3.5108
3.5090
3.5113
3.5106
3.5098
3.5119
3.5111
3.5117
3.5105
3.5091
3.5112
3.5119
3.5116
3.5124
3.5115
3.5101
3.5131
3.5111
3.5119
3.5120
3.5128
3.5136
3.5123
3.5120
3.5111
3.5107
3.5125
3.5112
3.5130
3.5114
3.5140
3.5100
3.5133
3.5116
3.5105
3.5134
3.5125
3.5108
3.5134
3.5145
3.5136
3.5125
3.5153
3.5121
3.5135
3.5142
3.5145
3.5125
3.5136
3.5130
3.5131
3.5145
3.5134
3.5142
3.5137
3.5147
3.5131
3.5120
3.5130
3.5134
3.5120
3.5128
3.5124
3.5113
3.5143
3.5149
3.5133
3.5122
3.5134
3.5128
3.5148
3.5152
3.5149
3.5132
3.5122
3.5135
3.5143
3.5135
3.5120
3.5128
3.5139
3.5152
3.5147
3.5123
3.5135
3.5145
3.5141
3.5138
3.5139
3.5157
3.5144
3.5153
3.5127
3.5149
3.5134
3.5144
3.5130
3.5135
3.5126
3.5155
3.5147
3.5125
3.5147
3.5152
3.5137
3.5148
3.5140
3.5145
3.5152
3.5138
3.5145
3.5159
3.5158
3.5159
3.5160
3.5148
3.5134
3.5149
3.5139
3.5142
3.5140
3.5156
3.5135
3.5153
3.5145
3.5162
3.5150
3.5157
3.5148
3.5156
3.5168
3.5152
3.5151
3.5144
3.5153
3.5158
3.5153
3.5160
3.5160
3.5173
3.5168
3.5156
3.5155
3.5153
3.5147
3.5148
3.5175
3.5166
3.5148
3.5174
3.5170
3.5155
3.5160
3.5163
3.5157
3.5169
3.5175
3.5172
3.5163
3.5183
3.5153
3.5175
3.5173
3.5164
3.5165
3.5169
3.5164
3.5168
3.5152
3.5137
3.5137
3.5154
3.5164
3.5167
3.5164
3.5179
3.5174
3.5151
3.5166
3.5171
3.5146
3.5150
3.5154
3.5158
3.5168
3.5161
3.5169
3.5189
3.5160
3.5178
3.5160
3.5180
3.5188
3.5182
3.5179
3.5169
3.5177
3.5179
3.5177
3.5182
3.5179
3.5178
3.5177
3.5177
3.5162
3.5177
3.5184
3.5179
3.5179
3.5175
3.5178
3.5175
3.5185
3.5169
3.5171
3.5173
3.5174
3.5180
3.5182
3.5192
3.5185
3.5174
3.5191
3.5194
3.5182
3.5182
3.5182
3.5186
3.5180
3.5184
3.5189
3.5200
3.5174
3.5183
3.5162
3.5164
3.5182
3.5174
3.5196
3.5185
3.5192
3.5192
3.5169
3.5193
3.5183
3.5169
3.5193
3.5174
3.5182
3.5193
3.5178
3.5182
3.5194
3.5186
3.5184
3.5184
3.5192
3.5190
3.5182
3.5183
3.5178
3.5182
3.5194
3.5207
3.5167
3.5190
3.5196
3.5188
3.5182
3.5183
3.5156
3.5185
3.5208
3.5183
3.5192
3.5186
3.5189
3.5193
3.5179
3.5194
3.5203
3.5196
3.5197
3.5200
3.5191
3.5178
3.5180
3.5211
3.5189
3.5190
3.5197
3.5191
3.5208
3.5186
3.5219
3.5199
3.5200
3.5203
3.5192
3.5203
3.5210
3.5212
3.5191
3.5218
3.5218
3.5207
3.5205
3.5213
3.5210
3.5207
3.5204
3.5210
3.5221
3.5195
3.5198
3.5204
3.5209
3.5211
3.5219
3.5196
3.5205
3.5203
3.5208
3.5202
3.5216
3.5208
3.5171
3.5220
3.5196
3.5212
3.5194
3.5214
3.5208
3.5222
3.5194
3.5199
3.5207
3.5218
3.5221
3.5221
3.5203
3.5175
3.5196
3.5226
3.5218
3.5213
3.5210
3.5208
3.5217
3.5213
3.5209
3.5219
3.5207
3.5214
3.5205
3.5219
3.5226
3.5211
3.5225
3.5202
3.5214
3.5224
3.5210
3.5210
3.5219
3.5227
3.5229
3.5235
3.5230
3.5212
3.5223
3.5218
3.5214
3.5214
3.5229
3.5217
3.5193
3.5218
3.5217
3.5230
3.5227
3.5202
3.5225
3.5202
3.5211
3.5228
3.5218
3.5211
3.5205
3.5230
3.5230
3.5199
3.5205
3.5209
3.5238
3.5219
3.5219
3.5188
3.5205
3.5221
3.5225
3.5227
3.5214
3.5213
3.5218
3.5233
3.5228
3.5226
3.5228
3.5226
3.5223
3.5206
3.5237
3.5232
3.5223
3.5211
3.5231
3.5245
3.5239
3.5245
3.5227
3.5225
3.5233
3.5225
3.5224
3.5235
3.5241
3.5208
3.5219
3.5194
3.5252
3.5239
3.5252
3.5244
3.5233
3.5247
3.5227
3.5234
3.5243
3.5240
3.5241
3.5218
3.5241
3.5244
3.5240
3.5242
3.5248
3.5247
3.5226
3.5236
3.5241
3.5217
3.5233
3.5228
3.5234
3.5232
3.5238
3.5227
3.5258
3.5242
3.5222
3.5208
3.5235
3.5258
3.5244
3.5239
3.5246
3.5244
3.5232
3.5220
3.5249
3.5226
3.5235
3.5237
3.5235
3.5240
3.5222
3.5235
3.5229
3.5254
3.5229
3.5247
3.5256
3.5261
3.5260
3.5237
3.5250
3.5238
3.5253
3.5256
3.5238
3.5249
3.5247
3.5258
3.5247
3.5238
3.5247
3.5247
3.5233
3.5252
3.5243
3.5258
3.5231
3.5244
3.5217
3.5252
3.5248
3.5241
3.5250
3.5243
3.5258
3.5256
3.5251
3.5221
3.5224
3.5249
3.5253
3.5249
3.5248
3.5236
3.5235
3.5257
3.5254
3.5254
3.5243
3.5242
3.5240
3.5226
3.5256
3.5254
3.5247
3.5246
3.5264
3.5263
3.5252
3.5253
3.5230
3.5222
3.5221
3.5238
3.5254
3.5268
3.5257
3.5241
3.5242
3.5250
3.5258
3.5261
3.5254
3.5262
3.5259
3.5252
3.5237
3.5258
3.5254
3.5236
3.5254
3.5246
3.5243
3.5251
3.5257
3.5252
3.5259
3.5260
3.5268
3.5258
3.5258
3.5264
3.5261
3.5257
3.5277
3.5265
3.5261
3.5277
3.5276
3.5258
3.5271
3.5247
3.5247
3.5274
3.5259
3.5241
3.5254
3.5264
3.5256
3.5261
3.5267
3.5269
3.5256
3.5263
3.5260
3.5265
3.5280
3.5252
3.5260
3.5268
3.5266
3.5280
3.5288
3.5264
3.5271
3.5268
3.5268
3.5271
3.5258
3.5259
3.5281
3.5274
3.5258
3.5265
3.5264
3.5283
3.5275
3.5242
3.5270
3.5262
3.5262
3.5265
3.5273
3.5247
3.5251
3.5281
3.5256
3.5238
3.5272
3.5284
3.5251
3.5269
3.5282
3.5274
3.5275
3.5237
3.5268
3.5286
3.5278
3.5272
3.5267
3.5278
3.5284
3.5268
3.5255
3.5277
3.5280
3.5270
3.5265
3.5264
3.5289
3.5293
3.5253
3.5262
3.5270
3.5288
3.5267
3.5274
3.5269
3.5251
3.5280
3.5276
3.5274
3.5282
3.5279
3.5271
3.5287
3.5277
3.5265
3.5283
3.5271
3.5271
3.5280
3.5274
3.5280
3.5262
3.5280
3.5254
3.5275
3.5289
3.5287
3.5288
3.5280
3.5277
3.5291
3.5273
3.5274
3.5291
3.5286
3.5294
3.5297
3.5289
3.5270
3.5296
3.5290
3.5274
3.5278
3.5283
3.5276
3.5287
3.5280
3.5282
3.5282
3.5295
3.5287
3.5286
3.5300
3.5287
3.5284
3.5292
3.5293
3.5288
3.5297
3.5275
3.5273
3.5299
3.5281
3.5289
3.5298
3.5271
3.5282
3.5299
3.5292
3.5284
3.5285
3.5269
3.5294
3.5263
3.5285
3.5276
3.5299
3.5302
3.5283
3.5278
3.5308
3.5284
3.5281
3.5281
3.5273
3.5287
3.5286
3.5293
3.5295
3.5296
3.5281
3.5291
3.5301
3.5289
3.5298
3.5273
3.5285
3.5259
3.5280
3.5296
3.5275
3.5282
3.5284
3.5280
3.5297
3.5303
3.5303
3.5301
3.5285
3.5293
3.5290
3.5304
3.5296
3.5292
3.5285
3.5292
3.5308
3.5299
3.5302
3.5297
3.5297
3.5303
3.5299
3.5306
3.5318
3.5311
3.5307
3.5304
3.5297
3.5296
3.5277
3.5288
3.5284
3.5309
3.5306
3.5306
3.5299
3.5316
3.5294
3.5305
3.5306
3.5287
3.5290
3.5289
3.5288
3.5291
3.5286
3.5301
3.5295
3.5297
3.5290
3.5289
3.5299
3.5296
3.5298
3.5288
3.5309
3.5295
3.5292
3.5302
3.5307
3.5314
3.5315
3.5318
3.5300
3.5297
3.5299
3.5298
3.5306
3.5297
3.5297
3.5295
3.5310
3.5322
3.5322
3.5301
3.5306
3.5302
3.5314
3.5310
3.5300
3.5317
3.5308
3.5298
3.5305
3.5310
3.5308
3.5310
3.5312
3.5314
3.5314
3.5293
3.5312
3.5311
3.5294
3.5294
3.5310
3.5307
3.5307
3.5310
3.5313
3.5318
3.5305
3.5277
3.5307
3.5304
3.5300
3.5320
3.5293
3.5307
3.5309
3.5312
3.5314
3.5307
3.5325
3.5324
3.5327
3.5282
3.5325
3.5317
3.5319
3.5309
3.5334
3.5333
3.5316
3.5305
3.5328
3.5318
3.5314
3.5307
3.5324
3.5304
3.5311
3.5311
3.5319
3.5320
3.5317
3.5313
3.5311
3.5301
3.5326
3.5319
3.5300
3.5309
3.5330
3.5314
3.5315
3.5304
3.5323
3.5319
3.5320
3.5323
3.5322
3.5309
3.5310
3.5322
3.5321
3.5317
3.5310
3.5309
3.5315
3.5314
3.5310
3.5319
3.5327
3.5312
3.5315
3.5325
3.5310
3.5320
3.5329
3.5326
3.5334
3.5330
3.5321
3.5329
3.5321
3.5316
3.5315
3.5322
3.5309
3.5315
3.5325
3.5315
3.5328
3.5322
3.5318
3.5324
3.5335
3.5331
3.5318
3.5319
3.5317
3.5307
3.5310
3.5320
3.5327
3.5313
3.5319
3.5324
3.5321
3.5349
3.5329
3.5336
3.5334
3.5326
3.5301
3.5335
3.5329
3.5327
3.5325
3.5333
3.5343
3.5348
3.5318
3.5319
3.5339
3.5329
3.5341
3.5321
3.5332
3.5327
3.5325
3.5333
3.5337
3.5310
3.5338
3.5321
3.5330
3.5335
3.5327
3.5332
3.5340
3.5345
3.5342
3.5331
3.5325
3.5327
3.5330
3.5301
3.5309
3.5338
3.5333
3.5357
3.5345
3.5334
3.5336
3.5338
3.5336
3.5317
3.5326
3.5341
3.5340
3.5340
3.5342
3.5327
3.5331
3.5324
3.5326
3.5336
3.5336
3.5341
3.5355
3.5329
3.5329
3.5342
3.5356
3.5335
3.5312
3.5325
3.5331
3.5346
3.5349
3.5348
3.5330
3.5345
3.5311
3.5344
3.5335
3.5340
3.5329
3.5327
3.5346
3.5327
3.5337
3.5331
3.5333
3.5332
3.5331
3.5332
3.5320
3.5335
3.5338
3.5345
3.5344
3.5349
3.5345
3.5347
3.5343
3.5356
3.5348
3.5342
3.5344
3.5342
3.5336
3.5340
3.5349
3.5354
3.5337
3.5341
3.5339
3.5351
3.5353
3.5335
3.5338
3.5349
3.5327
3.5329
3.5310
3.5332
3.5340
3.5357
3.5349
3.5335
3.5337
3.5349
3.5349
3.5373
3.5349
3.5354
3.5327
3.5328
3.5347
3.5365
3.5335
3.5347
3.5343
3.5351
3.5343
3.5338
3.5359
3.5327
3.5347
3.5360
3.5342
3.5340
3.5351
3.5357
3.5353
3.5353
3.5327
3.5328
3.5345
3.5347
3.5348
3.5327
3.5331
3.5337
3.5351
3.5337
3.5347
3.5328
3.5355
3.5352
3.5364
3.5352
3.5333
3.5341
3.5366
3.5358
3.5347
3.5335
3.5347
3.5351
3.5363
3.5349
3.5351
3.5352
3.5355
3.5348
3.5354
3.5339
3.5323
3.5365
3.5362
3.5361
3.5356
3.5372
3.5337
3.5349
3.5342
3.5345
3.5354
3.5369
3.5368
3.5361
3.5376
3.5352
3.5370
3.5363
3.5371
3.5355
3.5357
3.5349
3.5362
3.5369
3.5365
3.5335
3.5340
3.5352
3.5346
3.5358
3.5368
3.5345
3.5365
3.5348
3.5347
3.5360
3.5356
3.5363
3.5364
3.5341
3.5374
3.5359
3.5357
3.5362
3.5378
3.5371
3.5357
3.5341
3.5366
3.5366
3.5371
3.5365
3.5360
3.5360
3.5371
3.5364
3.5365
3.5363
3.5379
3.5377
3.5370
3.5362
3.5350
3.5363
3.5380
3.5353
3.5355
3.5354
3.5376
3.5340
3.5356
3.5356
3.5363
3.5345
3.5360
3.5357
3.5363
3.5370
3.5367
3.5370
3.5376
3.5381
3.5373
3.5368
3.5351
3.5367
3.5375
3.5366
3.5371
3.5346
3.5363
3.5367
3.5368
3.5373
3.5367
3.5348
3.5374
3.5347
3.5345
3.5359
3.5362
3.5362
3.5363
3.5359
3.5364
3.5365
3.5362
3.5379
3.5370
3.5367
3.5372
3.5366
3.5348
3.5367
3.5355
3.5357
3.5374
3.5372
3.5367
3.5379
3.5376
3.5378
3.5378
3.5375
3.5387
3.5353
3.5360
3.5377
3.5382
3.5379
3.5366
3.5374
3.5374
3.5373
3.5377
3.5380
3.5383
3.5379
3.5385
3.5394
3.5376
3.5360
3.5360
3.5367
3.5363
3.5359
3.5363
3.5382
3.5378
3.5365
3.5384
3.5376
3.5371
3.5381
3.5380
3.5383
3.5379
3.5388
3.5383
3.5360
3.5377
3.5378
3.5387
3.5387
3.5379
3.5381
3.5383
3.5373
3.5391
3.5368
3.5372
3.5375
3.5353
3.5374
3.5380
3.5372
3.5362
3.5365
3.5382
3.5384
3.5390
3.5386
3.5404
3.5381
3.5395
3.5374
3.5383
3.5377
3.5367
3.5375
3.5381
3.5362
3.5385
3.5396
3.5392
3.5389
3.5371
3.5369
3.5383
3.5380
3.5387
3.5383
3.5369
3.5385
3.5384
3.5391
3.5389
3.5382
3.5379
3.5403
3.5370
3.5361
3.5375
3.5399
3.5399
3.5367
3.5390
3.5368
3.5376
3.5391
3.5376
3.5372
3.5380
3.5373
3.5365
3.5391
3.5385
3.5384
3.5389
3.5392
3.5395
3.5394
3.5388
3.5376
3.5377
3.5379
3.5370
3.5361
3.5384
3.5377
3.5386
3.5386
3.5391
3.5388
3.5387
3.5387
3.5385
3.5385
3.5386
3.5388
3.5392
3.5379
3.5390
3.5390
3.5398
3.5384
3.5383
3.5394
3.5400
3.5390
3.5405
3.5375
3.5383
3.5381
3.5387
3.5384
3.5379
3.5392
3.5389
3.5386
3.5385
3.5386
3.5382
3.5375
3.5406
3.5360
3.5394
3.5391
3.5396
3.5371
3.5382
3.5395
3.5394
3.5391
3.5378
3.5386
3.5379
3.5376
3.5399
3.5377
3.5371
3.5368
3.5375
3.5381
3.5386
3.5396
3.5380
3.5388
3.5385
3.5381
3.5371
3.5396
3.5388
3.5383
3.5364
3.5390
3.5388
3.5402
3.5402
3.5400
3.5396
3.5367
3.5395
3.5354
3.5397
3.5397
3.5400
3.5375
3.5402
3.5394
3.5391
3.5389
3.5383
3.5381
3.5396
3.5388
3.5370
3.5386
3.5387
3.5382
3.5383
3.5396
3.5413
3.5406
3.5373
3.5396
3.5386
3.5398
3.5388
3.5396
3.5391
3.5401
3.5388
3.5417
3.5383
3.5394
3.5390
3.5406
3.5401
3.5397
3.5399
3.5400
3.5394
3.5391
3.5360
3.5397
3.5393
3.5391
3.5404
3.5387
3.5397
3.5389
3.5404
3.5384
3.5382
3.5395
3.5390
3.5399
3.5381
3.5393
3.5410
3.5390
3.5372
3.5398
3.5413
3.5397
3.5412
3.5413
3.5410
3.5407
3.5391
3.5381
3.5378
3.5417
3.5400
3.5407
3.5399
3.5404
3.5399
3.5395
3.5397
3.5404
3.5408
3.5403
3.5403
3.5407
3.5400
3.5400
3.5405
3.5405
3.5408
3.5416
3.5395
3.5392
3.5394
3.5407
3.5406
3.5393
3.5414
3.5412
3.5400
3.5414
3.5408
3.5386
3.5416
3.5396
3.5415
3.5398
3.5400
3.5392
3.5403
3.5403
3.5399
3.5415
3.5411
3.5395
3.5396
3.5395
3.5410
3.5396
3.5429
3.5373
3.5400
3.5400
3.5408
3.5405
3.5403
3.5426
3.5411
3.5394
3.5391
3.5410
3.5419
3.5420
3.5389
3.5389
3.5403
3.5409
3.5409
3.5387
3.5406
3.5407
3.5412
3.5422
3.5412
3.5427
3.5432
3.5413
3.5412
3.5420
3.5405
3.5424
3.5403
3.5407
3.5407
3.5410
3.5412
3.5401
3.5400
3.5406
3.5408
3.5419
3.5412
3.5413
3.5405
3.5408
3.5407
3.5404
3.5412
3.5412
3.5401
3.5383
3.5405
3.5404
3.5415
3.5421
3.5393
3.5407
3.5415
3.5411
3.5413
3.5430
3.5414
3.5425
3.5401
3.5419
3.5404
3.5400
3.5410
3.5423
3.5426
3.5398
3.5399
3.5403
3.5407
3.5395
3.5412
3.5426
3.5434
3.5431
3.5400
3.5409
3.5419
3.5416
3.5413
3.5409
3.5431
3.5426
3.5423
3.5405
3.5399
3.5415
3.5426
3.5421
3.5410
3.5408
3.5410
3.5416
3.5398
3.5413
3.5409
3.5400
3.5424
3.5408
3.5401
3.5415
3.5404
3.5412
3.5408
3.5399
3.5402
3.5426
3.5416
3.5414
3.5416
3.5409
3.5407
3.5411
3.5416
3.5415
3.5422
3.5415
3.5417
3.5415
3.5428
3.5426
3.5432
3.5437
3.5432
3.5420
3.5419
3.5420
3.5409
3.5415
3.5394
3.5435
3.5434
3.5435
3.5412
3.5412
3.5422
3.5431
3.5419
3.5420
3.5426
3.5426
3.5425
3.5424
3.5423
3.5409
3.5413
3.5405
3.5418
3.5421
3.5419
3.5424
3.5420
3.5409
3.5414
3.5409
3.5435
3.5422
3.5433
3.5417
3.5417
3.5410
3.5402
3.5416
3.5418
3.5428
3.5420
3.5433
3.5428
3.5412
3.5429
3.5407
3.5413
3.5410
3.5434
3.5424
3.5436
3.5431
3.5429
3.5408
3.5407
3.5435
3.5424
3.5432
3.5412
3.5412
3.5411
3.5430
3.5430
3.5431
3.5424
3.5421
3.5438
3.5409
3.5424
3.5423
3.5436
3.5433
3.5406
3.5437
3.5433
3.5438
3.5433
3.5413
3.5417
3.5419
3.5429
3.5437
3.5433
3.5427
3.5431
3.5429
3.5407
3.5452
3.5424
3.5432
3.5409
3.5426
3.5434
3.5435
3.5435
3.5422
3.5425
3.5429
3.5435
3.5441
3.5426
3.5426
3.5449
3.5444
3.5433
3.5436
3.5431
3.5432
3.5416
3.5424
3.5429
3.5432
3.5428
3.5429
3.5376
3.5429
3.5405
3.5421
3.5426
3.5447
3.5431
3.5443
3.5436
3.5442
3.5428
3.5437
3.5449
3.5441
3.5441
3.5439
3.5445
3.5415
3.5439
3.5435
3.5435
3.5435
3.5432
3.5431
3.5446
3.5437
3.5437
3.5443
3.5428
3.5438
3.5437
3.5432
3.5431
3.5432
3.5432
3.5432
3.5411
3.5428
3.5439
3.5420
3.5441
3.5409
3.5434
3.5434
3.5441
3.5426
3.5435
3.5437
3.5433
3.5449
3.5443
3.5437
3.5415
3.5428
3.5451
3.5437
3.5440
3.5435
3.5430
3.5439
3.5432
3.5430
3.5434
3.5433
3.5436
3.5423
3.5438
3.5436
3.5414
3.5446
3.5439
3.5440
3.5425
3.5431
3.5423
3.5427
3.5428
3.5411
3.5428
3.5446
3.5449
3.5429
3.5425
3.5431
3.5438
3.5420
3.5431
3.5422
3.5442
3.5445
3.5445
3.5467
3.5435
3.5439
3.5433
3.5455
3.5443
3.5439
3.5448
3.5441
3.5431
3.5433
3.5442
3.5435
3.5440
3.5435
3.5450
3.5441
3.5453
3.5445
3.5436
3.5450
3.5420
3.5422
3.5442
3.5432
3.5421
3.5439
3.5447
3.5452
3.5436
3.5415
3.5454
3.5434
3.5442
3.5445
3.5444
3.5443
3.5448
3.5444
3.5431
3.5445
3.5443
3.5440
3.5442
3.5434
3.5436
3.5437
3.5445
3.5443
3.5442
3.5442
3.5441
3.5442
3.5448
3.5444
3.5443
3.5451
3.5449
3.5447
3.5450
3.5458
3.5448
3.5437
3.5441
3.5443
3.5444
3.5451
3.5451
3.5454
3.5445
3.5439
3.5450
3.5453
3.5425
3.5457
3.5446
3.5455
3.5465
3.5451
3.5449
3.5446
3.5453
3.5453
3.5451
3.5445
3.5455
3.5459
3.5429
3.5435
3.5433
3.5449
3.5449
3.5432
3.5444
3.5462
3.5458
3.5460
3.5462
3.5459
3.5437
3.5467
3.5458
3.5444
3.5451
3.5456
3.5450
3.5443
3.5450
3.5459
3.5437
3.5457
3.5452
3.5453
3.5442
3.5443
3.5443
3.5440
3.5464
3.5452
3.5448
3.5460
3.5466
3.5455
3.5459
3.5455
3.5457
3.5445
3.5448
3.5435
3.5440
3.5462
3.5446
3.5450
3.5451
3.5434
3.5458
3.5452
3.5432
3.5465
3.5448
3.5451
3.5445
3.5437
3.5460
3.5448
3.5468
3.5446
3.5477
3.5447
3.5459
3.5453
3.5440
3.5449
3.5449
3.5460
3.5476
3.5465
3.5460
3.5466
3.5451
3.5464
3.5449
3.5458
3.5453
3.5446
3.5460
3.5456
3.5451
3.5463
3.5458
3.5450
3.5431
3.5424
3.5454
3.5458
3.5458
3.5458
3.5459
3.5459
3.5462
3.5446
3.5465
3.5431
3.5428
3.5440
3.5434
3.5458
3.5450
3.5444
3.5452
3.5446
3.5455
3.5451
3.5455
3.5453
3.5470
3.5453
3.5454
3.5471
3.5476
3.5477
3.5450
3.5453
3.5440
3.5468
3.5451
3.5457
3.5466
3.5467
3.5461
3.5465
3.5457
3.5461
3.5464
3.5462
3.5476
3.5474
3.5463
3.5456
3.5462
3.5474
3.5463
3.5462
3.5458
3.5458
3.5460
3.5455
3.5472
3.5443
3.5469
3.5449
3.5454
3.5463
3.5436
3.5459
3.5470
3.5450
3.5467
3.5471
3.5467
3.5468
3.5462
3.5481
3.5461
3.5480
3.5473
3.5479
3.5456
3.5453
3.5474
3.5450
3.5456
3.5440
3.5437
3.5461
3.5479
3.5465
3.5469
3.5460
3.5462
3.5479
3.5470
3.5471
3.5469
3.5465
3.5473
3.5439
3.5465
3.5465
3.5470
3.5483
3.5465
3.5462
3.5457
3.5471
3.5464
3.5457
3.5462
3.5481
3.5468
3.5459
3.5451
3.5474
3.5469
3.5479
3.5469
3.5463
3.5453
3.5463
3.5481
3.5467
3.5493
3.5477
3.5471
3.5456
3.5471
3.5472
3.5468
3.5479
3.5471
3.5469
3.5457
3.5462
3.5476
3.5474
3.5477
3.5446
3.5449
3.5470
3.5478
3.5471
3.5472
3.5471
3.5460
3.5453
3.5473
3.5477
3.5480
3.5465
3.5465
3.5466
3.5463
3.5461
3.5480
3.5462
3.5469
3.5470
3.5474
3.5462
3.5454
3.5471
3.5461
3.5482
3.5457
3.5458
3.5468
3.5470
3.5482
3.5468
3.5463
3.5468
3.5466
3.5485
3.5473
3.5472
3.5478
3.5456
3.5474
3.5477
3.5473
3.5473
3.5476
3.5474
3.5470
3.5461
3.5449
3.5483
3.5479
3.5464
3.5479
3.5474
3.5481
3.5468
3.5471
3.5480
3.5482
3.5470
3.5471
3.5452
3.5458
3.5461
3.5445
3.5448
3.5466
3.5451
3.5462
3.5479
3.5482
3.5471
3.5475
3.5478
3.5485
3.5448
3.5444
3.5481
3.5465
3.5458
3.5462
3.5476
3.5482
3.5459
3.5452
3.5482
3.5489
3.5472
3.5486
3.5478
3.5479
3.5459
3.5484
3.5486
3.5494
3.5477
3.5483
3.5482
3.5472
3.5452
3.5466
3.5482
3.5464
3.5484
3.5485
3.5475
3.5482
3.5493
3.5488
3.5484
3.5474
3.5483
3.5453
3.5483
3.5481
3.5477
3.5471
3.5481
3.5481
3.5481
3.5477
3.5475
3.5476
3.5479
3.5481
3.5479
3.5468
3.5464
3.5484
3.5468
3.5482
3.5471
3.5471
3.5487
3.5476
3.5458
3.5481
3.5488
3.5487
3.5462
3.5462
3.5487
3.5479
3.5486
3.5486
3.5483
3.5481
3.5469
3.5485
3.5487
3.5492
3.5451
3.5483
3.5483
3.5472
3.5465
3.5474
3.5485
3.5477
3.5476
3.5462
3.5491
3.5458
3.5468
3.5470
3.5478
3.5486
3.5487
3.5485
3.5488
3.5469
3.5472
3.5482
3.5478
3.5475
3.5473
3.5491
3.5495
3.5495
3.5477
3.5484
3.5490
3.5481
3.5479
3.5482
3.5474
3.5476
3.5462
3.5484
3.5476
3.5484
3.5481
3.5459
3.5470
3.5476
3.5484
3.5485
3.5481
3.5477
3.5480
3.5462
3.5487
3.5474
3.5473
3.5490
3.5485
3.5473
3.5477
3.5480
3.5472
3.5470
3.5471
3.5484
3.5469
3.5477
3.5478
3.5475
3.5478
3.5480
3.5472
3.5478
3.5485
3.5458
3.5476
3.5483
3.5485
3.5489
3.5485
3.5463
3.5483
3.5485
3.5487
3.5451
3.5497
3.5469
3.5503
3.5472
3.5465
3.5493
3.5459
3.5483
3.5491
3.5469
3.5485
3.5487
3.5487
3.5464
3.5504
3.5497
3.5497
3.5485
3.5488
3.5479
3.5480
3.5489
3.5486
3.5484
3.5489
3.5481
3.5471
3.5482
3.5491
3.5482
3.5474
3.5470
3.5492
3.5496
3.5464
3.5471
3.5478
3.5480
3.5490
3.5495
3.5481
3.5484
3.5493
3.5500
3.5499
3.5462
3.5490
3.5501
3.5479
3.5477
3.5489
3.5488
3.5484
3.5492
3.5483
3.5501
3.5493
3.5491
3.5473
3.5490
3.5490
3.5483
3.5467
3.5480
3.5475
3.5462
3.5496
3.5493
3.5497
3.5486
3.5469
3.5497
3.5492
3.5473
3.5493
3.5503
3.5496
3.5482
3.5482
3.5504
3.5487
3.5488
3.5501
3.5492
3.5493
3.5490
3.5502
3.5483
3.5489
3.5493
3.5498
3.5505
3.5491
3.5481
3.5493
3.5497
3.5501
3.5504
3.5510
3.5504
3.5482
3.5483
3.5472
3.5486
3.5499
3.5502
3.5505
3.5499
3.5501
3.5474
3.5499
3.5495
3.5473
3.5489
3.5488
3.5492
3.5498
3.5490
3.5478
3.5478
3.5493
3.5496
3.5499
3.5479
3.5486
3.5491
3.5487
3.5481
3.5466
3.5466
3.5504
3.5498
3.5476
3.5481
3.5493
3.5494
3.5493
3.5472
3.5506
3.5456
3.5488
3.5497
3.5496
3.5498
3.5501
3.5474
3.5500
3.5484
3.5496
3.5503
3.5483
3.5494
3.5493
3.5495
3.5483
3.5498
3.5487
3.5482
3.5512
3.5506
3.5490
3.5501
3.5501
3.5517
3.5502
3.5505
3.5491
3.5500
3.5493
3.5488
3.5504
3.5505
3.5507
3.5507
3.5488
3.5497
3.5499
3.5512
3.5517
3.5493
3.5503
3.5496
3.5482
3.5502
3.5492
3.5515
3.5510
3.5494
3.5478
3.5500
3.5517
3.5511
3.5502
3.5481
3.5498
3.5517
3.5511
3.5503
3.5499
3.5500
3.5502
3.5501
3.5489
3.5497
3.5501
3.5503
3.5496
3.5498
3.5493
3.5494
3.5498
3.5496
3.5519
3.5479
3.5502
3.5502
3.5507
3.5502
3.5502
3.5501
3.5467
3.5477
3.5504
3.5498
3.5504
3.5506
3.5486
3.5503
3.5504
3.5504
3.5504
3.5510
3.5487
3.5511
3.5511
3.5477
3.5489
3.5500
3.5498
3.5500
3.5505
3.5505
3.5502
3.5504
3.5490
3.5480
3.5489
3.5521
3.5520
3.5483
3.5493
3.5483
3.5490
3.5529
3.5504
3.5483
3.5501
3.5507
3.5501
3.5500
3.5501
3.5503
3.5502
3.5513
3.5509
3.5493
3.5504
3.5503
3.5513
3.5508
3.5510
3.5486
3.5503
3.5517
3.5516
3.5518
3.5516
3.5484
3.5495
3.5517
3.5481
3.5507
3.5511
3.5510
3.5508
3.5497
3.5495
3.5500
3.5498
3.5516
3.5508
3.5498
3.5497
3.5499
3.5491
3.5513
3.5503
3.5516
3.5503
3.5487
3.5510
3.5515
3.5519
3.5514
3.5504
3.5505
3.5506
3.5510
3.5503
3.5507
3.5504
3.5501
3.5518
3.5509
3.5520
3.5517
3.5515
3.5511
3.5491
3.5490
3.5487
3.5501
3.5505
3.5521
3.5512
3.5505
3.5500
3.5493
3.5519
3.5517
3.5487
3.5502
3.5518
3.5490
3.5504
3.5496
3.5501
3.5498
3.5513
3.5511
3.5514
3.5497
3.5513
3.5518
3.5515
3.5506
3.5504
3.5523
3.5510
3.5506
3.5526
3.5506
3.5509
3.5513
3.5497
3.5506
3.5491
3.5501
3.5523
3.5501
3.5520
3.5509
3.5515
3.5516
3.5509
3.5521
3.5515
3.5519
3.5502
3.5518
3.5517
3.5518
3.5512
3.5508
3.5522
3.5509
3.5510
3.5511
3.5501
3.5519
3.5517
3.5518
3.5509
3.5509
3.5508
3.5523
3.5519
3.5522
3.5511
3.5519
3.5520
3.5520
3.5514
3.5525
3.5505
3.5489
3.5515
3.5524
3.5525
3.5515
3.5519
3.5504
3.5490
3.5526
3.5512
3.5513
3.5521
3.5522
3.5493
3.5512
3.5501
3.5504
3.5504
3.5517
3.5524
3.5522
3.5517
3.5526
3.5528
3.5513
3.5515
3.5511
3.5503
3.5516
3.5527
3.5497
3.5514
3.5524
3.5510
3.5528
3.5509
3.5506
3.5511
3.5529
3.5531
3.5529
3.5528
3.5509
3.5516
3.5507
3.5517
3.5521
3.5517
3.5518
3.5509
3.5502
3.5523
3.5503
3.5497
3.5515
3.5507
3.5514
3.5521
3.5521
3.5528
3.5500
3.5506
3.5521
3.5520
3.5520
3.5534
3.5491
3.5516
3.5519
3.5525
3.5512
3.5529
3.5507
3.5515
3.5497
3.5496
3.5500
3.5518
3.5503
3.5501
3.5526
3.5526
3.5509
3.5519
3.5527
3.5525
3.5530
3.5525
3.5528
3.5521
3.5515
3.5515
3.5534
3.5518
3.5519
3.5504
3.5507
3.5529
3.5532
3.5524
3.5520
3.5532
3.5507
3.5513
3.5526
3.5518
3.5527
3.5497
3.5502
3.5504
3.5517
3.5517
3.5512
3.5515
3.5515
3.5503
3.5508
3.5512
3.5487
3.5509
3.5523
3.5529
3.5505
3.5530
3.5507
3.5523
3.5520
3.5534
3.5523
3.5528
3.5520
3.5518
3.5529
3.5517
3.5489
3.5517
3.5497
3.5503
3.5521
3.5525
3.5516
3.5505
3.5517
3.5523
3.5528
3.5525
3.5520
3.5518
3.5518
3.5520
3.5514
3.5512
3.5513
3.5516
3.5539
3.5522
3.5522
3.5530
3.5522
3.5546
3.5531
3.5526
3.5520
3.5511
3.5518
3.5512
3.5517
3.5512
3.5520
3.5498
3.5504
3.5489
3.5509
3.5498
3.5511
3.5523
3.5503
3.5512
3.5521
3.5513
3.5519
3.5512
3.5518
3.5490
3.5531
3.5525
3.5534
3.5530
3.5521
3.5521
3.5507
3.5506
3.5526
3.5527
3.5529
3.5529
3.5517
3.5528
3.5527
3.5530
3.5520
3.5529
3.5521
3.5511
3.5521
3.5531
3.5515
3.5522
3.5525
3.5524
3.5522
3.5524
3.5514
3.5534
3.5517
3.5522
3.5531
3.5521
3.5499
3.5517
3.5525
3.5533
3.5516
3.5520
3.5519
3.5496
3.5502
3.5531
3.5536
3.5534
3.5502
3.5515
3.5523
3.5531
3.5507
3.5519
3.5520
3.5519
3.5523
3.5548
3.5507
3.5534
3.5522
3.5503
3.5520
3.5521
3.5526
3.5507
3.5515
3.5526
3.5513
3.5524
3.5518
3.5527
3.5526
3.5518
3.5534
3.5511
3.5531
3.5506
3.5528
3.5527
3.5522
3.5530
3.5527
3.5526
3.5530
3.5548
3.5542
3.5517
3.5525
3.5530
3.5509
3.5532
3.5532
3.5528
3.5531
3.5517
3.5531
3.5541
3.5519
3.5515
3.5519
3.5509
3.5536
3.5528
3.5522
3.5534
3.5537
3.5518
3.5540
3.5532
3.5516
3.5523
3.5528
3.5530
3.5512
3.5518
3.5521
3.5524
3.5525
3.5522
3.5525
3.5532
3.5533
3.5532
3.5529
3.5530
3.5540
3.5530
3.5534
3.5539
3.5538
3.5533
3.5528
3.5521
3.5524
3.5520
3.5524
3.5526
3.5520
3.5532
3.5542
3.5536
3.5526
3.5533
3.5515
3.5521
3.5533
3.5531
3.5518
3.5531
3.5524
3.5531
3.5532
3.5534
3.5538
3.5537
3.5516
3.5523
3.5536
3.5525
3.5489
3.5534
3.5533
3.5539
3.5538
3.5500
3.5516
3.5521
3.5522
3.5543
3.5537
3.5530
3.5526
3.5536
3.5534
3.5535
3.5522
3.5532
3.5525
3.5531
3.5511
3.5516
3.5513
3.5532
3.5524
3.5508
3.5514
3.5531
3.5529
3.5532
3.5543
3.5525
3.5537
3.5540
3.5538
3.5544
3.5536
3.5526
3.5526
3.5524
3.5536
3.5521
3.5540
3.5551
3.5522
3.5539
3.5547
3.5547
3.5528
3.5523
3.5533
3.5540
3.5531
3.5530
3.5525
3.5534
3.5553
3.5534
3.5540
3.5559
3.5542
3.5536
3.5533
3.5536
3.5530
3.5560
3.5547
3.5534
3.5534
3.5541
3.5538
3.5541
3.5544
3.5528
3.5538
3.5533
3.5526
3.5531
3.5543
3.5545
3.5515
3.5539
3.5531
3.5546
3.5526
3.5538
3.5526
3.5531
3.5553
3.5556
3.5531
3.5532
3.5543
3.5534
3.5552
3.5543
3.5548
3.5542
3.5538
3.5535
3.5537
3.5535
3.5548
3.5537
3.5536
3.5540
3.5543
3.5532
3.5539
3.5534
3.5534
3.5523
3.5521
3.5548
3.5529
3.5538
3.5545
3.5547
3.5535
3.5551
3.5521
3.5534
3.5514
3.5539
3.5562
3.5546
3.5549
3.5541
3.5546
3.5560
3.5554
3.5526
3.5527
3.5531
3.5532
3.5533
3.5561
3.5551
3.5545
3.5542
3.5524
3.5531
3.5551
3.5534
3.5525
3.5543
3.5537
3.5532
3.5526
3.5549
3.5547
3.5539
3.5525
3.5553
3.5545
3.5531
3.5534
3.5523
3.5523
3.5542
3.5521
3.5529
3.5530
3.5533
3.5544
3.5551
3.5534
3.5542
3.5538
3.5556
3.5547
3.5542
3.5548
3.5534
3.5538
3.5558
3.5526
3.5551
3.5542
3.5545
3.5514
3.5545
3.5540
3.5524
3.5545
3.5543
3.5535
3.5535
3.5545
3.5552
3.5560
3.5550
3.5554
3.5539
3.5540
3.5514
3.5535
3.5545
3.5533
3.5545
3.5541
3.5546
3.5547
3.5550
3.5543
3.5536
3.5542
3.5533
3.5530
3.5541
3.5543
3.5538
3.5533
3.5534
3.5531
3.5549
3.5542
3.5537
3.5553
3.5548
3.5540
3.5545
3.5554
3.5527
3.5547
3.5531
3.5549
3.5551
3.5559
3.5548
3.5562
3.5548
3.5552
3.5541
3.5540
3.5555
3.5552
3.5551
3.5551
3.5548
3.5546
3.5547
3.5545
3.5546
3.5551
3.5534
3.5556
3.5547
3.5549
3.5545
3.5542
3.5552
3.5566
3.5548
3.5558
3.5551
3.5537
3.5553
3.5551
3.5532
3.5535
3.5533
3.5537
3.5553
3.5561
3.5560
3.5556
3.5535
3.5548
3.5529
3.5543
3.5547
3.5532
3.5532
3.5548
3.5549
3.5525
3.5531
3.5560
3.5556
3.5535
3.5529
3.5537
3.5538
3.5543
3.5552
3.5529
3.5542
3.5549
3.5560
3.5557
3.5557
3.5553
3.5551
3.5525
3.5535
3.5555
3.5547
3.5555
3.5547
3.5546
3.5543
3.5546
3.5546
3.5525
3.5535
3.5539
3.5546
3.5549
3.5555
3.5548
3.5553
3.5540
3.5541
3.5549
3.5546
3.5550
3.5542
3.5554
3.5554
3.5563
3.5553
3.5552
3.5542
3.5552
3.5512
3.5549
3.5545
3.5551
3.5548
3.5546
3.5543
3.5530
3.5553
3.5548
3.5536
3.5569
3.5542
3.5557
3.5556
3.5555
3.5556
3.5557
3.5555
3.5546
3.5549
3.5564
3.5552
3.5541
3.5559
3.5557
3.5550
3.5535
3.5538
3.5542
3.5556
3.5557
3.5552
3.5552
3.5546
3.5550
3.5539
3.5554
3.5553
3.5562
3.5540
3.5555
3.5551
3.5560
3.5549
3.5552
3.5543
3.5542
3.5548
3.5553
3.5552
3.5540
3.5533
3.5555
3.5544
3.5562
3.5558
3.5560
3.5556
3.5542
3.5547
3.5543
3.5538
3.5565
3.5558
3.5564
3.5562
3.5553
3.5559
3.5549
3.5546
3.5546
3.5548
3.5558
3.5571
3.5529
3.5551
3.5547
3.5556
3.5561
3.5562
3.5559
3.5546
3.5564
3.5549
3.5556
3.5564
3.5549
3.5552
3.5544
3.5558
3.5534
3.5556
3.5556
3.5550
3.5546
3.5539
3.5547
3.5545
3.5554
3.5553
3.5557
3.5559
3.5559
3.5538
3.5555
3.5559
3.5539
3.5549
3.5552
3.5562
3.5530
3.5541
3.5551
3.5528
3.5528
3.5545
3.5555
3.5548
3.5559
3.5555
3.5543
3.5541
3.5547
3.5561
3.5552
3.5551
3.5553
3.5547
3.5547
3.5562
3.5535
3.5545
3.5549
3.5565
3.5565
3.5557
3.5562
3.5558
3.5551
3.5554
3.5561
3.5560
3.5579
3.5551
3.5551
3.5532
3.5553
3.5551
3.5552
3.5548
3.5544
3.5547
3.5548
3.5544
3.5556
3.5557
3.5562
3.5549
3.5565
3.5558
3.5554
3.5563
3.5567
3.5566
3.5569
3.5542
3.5564
3.5555
3.5556
3.5557
3.5545
3.5555
3.5558
3.5570
3.5561
3.5559
3.5562
3.5542
3.5552
3.5556
3.5563
3.5566
3.5560
3.5559
3.5559
3.5539
3.5550
3.5552
3.5561
3.5553
3.5551
3.5545
3.5553
3.5567
3.5566
3.5563
3.5549
3.5555
3.5550
3.5571
3.5563
3.5562
3.5562
3.5551
3.5553
3.5560
3.5567
3.5549
3.5528
3.5567
3.5570
3.5573
3.5559
3.5547
3.5572
3.5556
3.5556
3.5555
3.5558
3.5558
3.5556
3.5560
3.5556
3.5542
3.5549
3.5567
3.5552
3.5562
3.5555
3.5566
3.5568
3.5573
3.5555
3.5550
3.5555
3.5553
3.5574
3.5566
3.5560
3.5565
3.5563
3.5557
3.5561
3.5558
3.5564
3.5560
3.5572
3.5570
3.5568
3.5556
3.5569
3.5554
3.5551
3.5558
3.5568
3.5556
3.5554
3.5569
3.5573
3.5551
3.5573
3.5553
3.5559
3.5567
3.5543
3.5562
3.5533
3.5568
3.5573
3.5576
3.5554
3.5551
3.5562
3.5556
3.5553
3.5567
3.5560
3.5553
3.5567
3.5563
3.5554
3.5560
3.5558
3.5558
3.5550
3.5558
3.5565
3.5559
3.5557
3.5559
3.5561
3.5549
3.5552
3.5563
3.5543
3.5556
3.5542
3.5560
3.5557
3.5557
3.5558
3.5575
3.5564
3.5551
3.5571
3.5556
3.5577
3.5583
3.5565
3.5567
3.5561
3.5550
3.5576
3.5565
3.5566
3.5564
3.5564
3.5569
3.5552
3.5562
3.5558
3.5553
3.5558
3.5576
3.5569
3.5554
3.5549
3.5561
3.5576
3.5548
3.5548
3.5562
3.5539
3.5551
3.5554
3.5561
3.5559
3.5550
3.5562
3.5558
3.5511
3.5543
3.5576
3.5529
3.5544
3.5552
3.5545
3.5569
3.5563
3.5570
3.5562
3.5562
3.5561
3.5562
3.5558
3.5569
3.5553
3.5560
3.5535
3.5553
3.5568
3.5584
3.5556
3.5577
3.5577
3.5572
3.5550
3.5548
3.5565
3.5558
3.5571
3.5556
3.5574
3.5557
3.5570
3.5558
3.5553
3.5533
3.5569
3.5568
3.5553
3.5551
3.5559
3.5571
3.5573
3.5570
3.5561
3.5567
3.5547
3.5565
3.5565
3.5530
3.5562
3.5566
3.5565
3.5568
3.5557
3.5557
3.5559
3.5562
3.5554
3.5575
3.5557
3.5571
3.5571
3.5552
3.5563
3.5563
3.5562
3.5575
3.5569
3.5563
3.5560
3.5554
3.5563
3.5561
3.5555
3.5554
3.5569
3.5552
3.5577
3.5554
3.5564
3.5571
3.5576
3.5556
3.5566
3.5559
3.5549
3.5575
3.5575
3.5566
3.5579
3.5561
3.5584
3.5564
3.5557
3.5573
3.5565
3.5559
3.5567
3.5553
3.5562
3.5571
3.5558
3.5567
3.5569
3.5570
3.5564
3.5565
3.5576
3.5570
3.5562
3.5565
3.5569
3.5566
3.5545
3.5555
3.5552
3.5559
3.5565
3.5571
3.5572
3.5574
3.5550
3.5567
3.5584
3.5562
3.5553
3.5550
3.5574
3.5572
3.5546
3.5556
3.5577
3.5579
3.5579
3.5562
3.5564
3.5570
3.5570
3.5568
3.5559
3.5540
3.5573
3.5565
3.5576
3.5565
3.5557
3.5571
3.5567
3.5573
3.5582
3.5567
3.5555
3.5545
3.5574
3.5577
3.5560
3.5559
3.5569
3.5565
3.5568
3.5574
3.5588
3.5571
3.5553
3.5575
3.5577
3.5570
3.5567
3.5565
3.5565
3.5574
3.5578
3.5574
3.5577
3.5559
3.5556
3.5578
3.5552
3.5557
3.5576
3.5557
3.5573
3.5579
3.5562
3.5589
3.5563
3.5565
3.5576
3.5574
3.5572
3.5557
3.5581
3.5545
3.5576
3.5568
3.5562
3.5569
3.5553
3.5568
3.5560
3.5562
3.5569
3.5582
3.5570
3.5563
3.5575
3.5575
3.5558
3.5555
3.5577
3.5568
3.5586
3.5581
3.5559
3.5590
3.5580
3.5575
3.5569
3.5569
3.5570
3.5577
3.5580
3.5564
3.5561
3.5579
3.5581
3.5549
3.5565
3.5573
3.5580
3.5553
3.5559
3.5563
3.5565
3.5571
3.5572
3.5571
3.5580
3.5563
3.5567
3.5553
3.5562
3.5577
3.5564
3.5565
3.5570
3.5551
3.5567
3.5560
3.5568
3.5583
3.5558
3.5556
3.5562
3.5581
3.5577
3.5571
3.5561
3.5581
3.5569
3.5569
3.5559
3.5573
3.5567
3.5571
3.5582
3.5573
3.5542
3.5571
3.5575
3.5591
3.5590
3.5559
3.5576
3.5580
3.5576
3.5575
3.5574
3.5584
3.5561
3.5579
3.5574
3.5573
3.5572
3.5571
3.5554
3.5555
3.5575
3.5567
3.5570
3.5577
3.5575
3.5575
3.5599
3.5565
3.5565
3.5578
3.5569
3.5570
3.5576
3.5580
3.5581
3.5581
3.5576
3.5583
3.5577
3.5566
3.5554
3.5565
3.5577
3.5584
3.5568
3.5572
3.5568
3.5579
3.5561
3.5583
3.5571
3.5589
3.5572
3.5569
3.5575
3.5575
3.5584
3.5589
3.5585
3.5585
3.5570
3.5573
3.5576
3.5578
3.5581
3.5571
3.5589
3.5580
3.5579
3.5558
3.5582
3.5581
3.5578
3.5560
3.5582
3.5570
3.5569
3.5563
3.5582
3.5574
3.5567
3.5574
3.5582
3.5560
3.5579
3.5580
3.5572
3.5573
3.5572
3.5581
3.5539
3.5573
3.5571
3.5573
3.5562
3.5562
3.5575
3.5573
3.5577
3.5581
3.5577
3.5572
3.5517
3.5556
3.5552
3.5573
3.5574
3.5578
3.5572
3.5567
3.5586
3.5593
3.5553
3.5570
3.5568
3.5570
3.5577
3.5555
3.5575
3.5580
3.5577
3.5560
3.5566
3.5567
3.5567
3.5575
3.5572
3.5565
3.5591
3.5585
3.5581
3.5585
3.5570
3.5582
3.5561
3.5566
3.5575
3.5566
3.5579
3.5579
3.5578
3.5577
3.5563
3.5579
3.5573
3.5585
3.5568
3.5579
3.5584
3.5574
3.5586
3.5576
3.5584
3.5583
3.5577
3.5572
3.5581
3.5589
3.5589
3.5591
3.5590
3.5584
3.5562
3.5554
3.5575
3.5572
3.5577
3.5563
3.5588
3.5591
3.5575
3.5587
3.5587
3.5585
3.5580
3.5582
3.5571
3.5565
3.5576
3.5591
3.5579
3.5573
3.5579
3.5581
3.5582
3.5577
3.5571
3.5575
3.5570
3.5593
3.5576
3.5579
3.5581
3.5584
3.5587
3.5591
3.5592
3.5574
3.5584
3.5578
3.5585
3.5575
3.5556
3.5568
3.5576
3.5583
3.5582
3.5558
3.5578
3.5579
3.5584
3.5585
3.5581
3.5572
3.5576
3.5584
3.5570
3.5576
3.5580
3.5593
3.5560
3.5565
3.5580
3.5569
3.5584
3.5587
3.5584
3.5593
3.5574
3.5585
3.5577
3.5581
3.5563
3.5581
3.5579
3.5554
3.5576
3.5592
3.5551
3.5571
3.5586
3.5570
3.5566
3.5582
3.5586
3.5588
3.5579
3.5577
3.5562
3.5584
3.5584
3.5589
3.5568
3.5576
3.5577
3.5593
3.5606
3.5591
3.5584
3.5585
3.5586
3.5588
3.5597
3.5593
3.5586
3.5579
3.5573
3.5568
3.5574
3.5583
3.5580
3.5574
3.5578
3.5576
3.5584
3.5588
3.5561
3.5564
3.5583
3.5581
3.5591
3.5586
3.5565
3.5573
3.5583
3.5586
3.5578
3.5585
3.5577
3.5587
3.5575
3.5590
3.5579
3.5584
3.5563
3.5579
3.5584
3.5590
3.5591
3.5589
3.5591
3.5570
3.5574
3.5572
3.5575
3.5571
3.5585
3.5593
3.5576
3.5561
3.5578
3.5580
3.5571
3.5570
3.5569
3.5554
3.5586
3.5584
3.5586
3.5581
3.5582
3.5580
3.5571
3.5569
3.5604
3.5579
3.5584
3.5578
3.5576
3.5575
3.5595
3.5570
3.5583
3.5564
3.5570
3.5577
3.5577
3.5578
3.5571
3.5565
3.5578
3.5580
3.5596
3.5577
3.5584
3.5591
3.5571
3.5571
3.5585
3.5583
3.5574
3.5581
3.5559
3.5580
3.5588
3.5584
3.5558
3.5585
3.5573
3.5574
3.5576
3.5586
3.5568
3.5574
3.5591
3.5594
3.5588
3.5563
3.5569
3.5588
3.5568
3.5593
3.5581
3.5598
3.5591
3.5583
3.5584
3.5584
3.5545
3.5578
3.5590
3.5576
3.5573
3.5575
3.5571
3.5582
3.5581
3.5567
3.5574
3.5585
3.5579
3.5575
3.5591
3.5596
3.5571
3.5596
3.5578
3.5584
3.5588
3.5583
3.5589
3.5588
3.5583
3.5588
3.5568
3.5577
3.5587
3.5590
3.5582
3.5589
3.5575
3.5584
3.5568
3.5582
3.5574
3.5571
3.5578
3.5598
3.5581
3.5585
3.5587
3.5588
3.5586
3.5589
3.5579
3.5597
3.5594
3.5579
3.5589
3.5573
3.5569
3.5577
3.5594
3.5565
3.5569
3.5577
3.5588
3.5597
3.5596
3.5595
3.5560
3.5588
3.5585
3.5593
3.5580
3.5584
3.5586
3.5590
3.5581
3.5579
3.5579
3.5567
3.5582
3.5579
3.5581
3.5589
3.5586
3.5603
3.5598
3.5593
3.5561
3.5584
3.5588
3.5592
3.5582
3.5571
3.5577
3.5588
3.5566
3.5591
3.5590
3.5584
3.5565
3.5599
3.5576
3.5596
3.5569
3.5585
3.5590
3.5593
3.5591
3.5590
3.5585
3.5583
3.5568
3.5601
3.5585
3.5591
3.5592
3.5599
3.5591
3.5579
3.5574
3.5585
3.5590
3.5594
3.5567
3.5590
3.5585
3.5580
3.5581
3.5589
3.5590
3.5585
3.5582
3.5590
3.5596
3.5581
3.5581
3.5595
3.5580
3.5607
3.5604
3.5584
3.5589
3.5583
3.5598
3.5597
3.5575
3.5548
3.5601
3.5579
3.5573
3.5583
3.5593
3.5576
3.5606
3.5588
3.5596
3.5578
3.5608
3.5584
3.5592
3.5562
3.5586
3.5589
3.5589
3.5588
3.5602
3.5584
3.5587
3.5575
3.5586
3.5593
3.5606
3.5584
3.5593
3.5585
3.5579
3.5577
3.5582
3.5584
3.5592
3.5591
3.5571
3.5587
3.5571
3.5588
3.5580
3.5595
3.5581
3.5581
3.5585
3.5595
3.5596
3.5596
3.5591
3.5589
3.5587
3.5599
3.5587
3.5576
3.5580
3.5588
3.5579
3.5577
3.5579
3.5591
3.5573
3.5579
3.5590
3.5609
3.5610
3.5601
3.5572
3.5582
3.5577
3.5597
3.5597
3.5579
3.5578
3.5571
3.5585
3.5574
3.5593
3.5593
3.5590
3.5583
3.5588
3.5586
3.5582
3.5571
3.5587
3.5588
3.5591
3.5595
3.5568
3.5587
3.5581
3.5589
3.5584
3.5582
3.5586
3.5576
3.5595
3.5588
3.5596
3.5595
3.5596
3.5594
3.5597
3.5599
3.5593
3.5580
3.5614
3.5576
3.5587
3.5595
3.5585
3.5593
3.5597
3.5594
3.5592
3.5595
3.5597
3.5580
3.5586
3.5594
3.5576
3.5595
3.5595
3.5597
3.5576
3.5582
3.5595
3.5589
3.5594
3.5595
3.5594
3.5595
3.5599
3.5577
3.5590
3.5601
3.5591
3.5600
3.5607
3.5599
3.5590
3.5610
3.5609
3.5606
3.5609
3.5594
3.5577
3.5604
3.5579
3.5598
3.5597
3.5590
3.5585
3.5597
3.5607
3.5587
3.5584
3.5576
3.5600
3.5595
3.5604
3.5585
3.5615
3.5596
3.5593
3.5605
3.5593
3.5594
3.5606
3.5570
3.5589
3.5588
3.5577
3.5603
3.5596
3.5598
3.5600
3.5583
3.5590
3.5600
3.5600
3.5585
3.5603
3.5589
3.5599
3.5604
3.5612
3.5605
3.5594
3.5594
3.5595
3.5597
3.5601
3.5590
3.5604
3.5606
3.5605
3.5593
3.5609
3.5595
3.5593
3.5589
3.5591
3.5586
3.5579
3.5579
3.5599
3.5601
3.5591
3.5598
3.5576
3.5587
3.5579
3.5589
3.5607
3.5585
3.5582
3.5598
3.5582
3.5591
3.5600
3.5606
3.5591
3.5590
3.5593
3.5570
3.5603
3.5578
3.5604
3.5605
3.5615
3.5596
3.5599
3.5560
3.5591
3.5592
3.5570
3.5579
3.5593
3.5596
3.5578
3.5573
3.5594
3.5591
3.5592
3.5597
3.5588
3.5613
3.5587
3.5584
3.5583
3.5596
3.5603
3.5600
3.5598
3.5584
3.5588
3.5611
3.5603
3.5609
3.5577
3.5604
3.5596
3.5589
3.5596
3.5591
3.5594
3.5583
3.5591
3.5609
3.5594
3.5596
3.5602
3.5598
3.5571
3.5603
3.5608
3.5601
3.5590
3.5596
3.5590
3.5606
3.5601
3.5595
3.5597
3.5594
3.5597
3.5605
3.5591
3.5594
3.5600
3.5599
3.5599
3.5593
3.5596
3.5597
3.5591
3.5599
3.5600
3.5597
3.5596
3.5579
3.5586
3.5607
3.5592
3.5580
3.5595
3.5600
3.5601
3.5589
3.5596
3.5602
3.5599
3.5607
3.5597
3.5595
3.5599
3.5607
3.5593
3.5577
3.5586
3.5589
3.5589
3.5583
3.5574
3.5582
3.5600
3.5604
3.5591
3.5589
3.5585
3.5597
3.5585
3.5609
3.5581
3.5585
3.5595
3.5594
3.5580
3.5598
3.5594
3.5595
3.5588
3.5597
3.5609
3.5586
3.5587
3.5603
3.5587
3.5603
3.5606
3.5602
3.5593
3.5603
3.5605
3.5605
3.5582
3.5602
3.5590
3.5589
3.5583
3.5599
3.5602
3.5582
3.5588
3.5598
3.5598
3.5599
3.5599
3.5603
3.5589
3.5607
3.5605
3.5608
3.5604
3.5602
3.5588
3.5595
3.5600
3.5599
3.5589
3.5585
3.5606
3.5583
3.5558
3.5603
3.5609
3.5601
3.5602
3.5604
3.5603
3.5599
3.5600
3.5590
3.5607
3.5603
3.5611
3.5589
3.5610
3.5606
3.5593
3.5594
3.5600
3.5577
3.5596
3.5584
3.5591
3.5606
3.5598
3.5573
3.5594
3.5600
3.5584
3.5599
3.5594
3.5597
3.5593
3.5606
3.5608
3.5585
3.5594
3.5608
3.5604
3.5601
3.5600
3.5598
3.5594
3.5596
3.5587
3.5591
3.5593
3.5588
3.5589
3.5593
3.5588
3.5595
3.5600
3.5609
3.5609
3.5605
3.5591
3.5595
3.5593
3.5593
3.5609
3.5609
3.5609
3.5589
3.5604
3.5608
3.5603
3.5606
3.5596
3.5600
3.5594
3.5599
3.5605
3.5604
3.5597
3.5597
3.5608
3.5612
3.5600
3.5602
3.5586
3.5610
3.5584
3.5595
3.5595
3.5596
3.5611
3.5605
3.5605
3.5591
3.5611
3.5600
3.5607
3.5603
3.5606
3.5604
3.5604
3.5596
3.5591
3.5596
3.5600
3.5595
3.5600
3.5605
3.5611
3.5612
3.5602
3.5607
3.5604
3.5607
3.5607
3.5612
3.5610
3.5620
3.5583
3.5600
3.5598
3.5607
3.5596
3.5602
3.5597
3.5593
3.5594
3.5616
3.5618
3.5600
3.5609
3.5609
3.5610
3.5615
3.5586
3.5605
3.5604
3.5601
3.5613
3.5593
3.5611
3.5589
3.5613
3.5621
3.5616
3.5587
3.5590
3.5588
3.5617
3.5605
3.5609
3.5608
3.5609
3.5609
3.5595
3.5600
3.5609
3.5603
3.5601
3.5613
3.5615
3.5613
3.5604
3.5616
3.5593
3.5612
3.5611
3.5609
3.5594
3.5615
3.5611
3.5604
3.5588
3.5587
3.5622
3.5603
3.5607
3.5618
3.5607
3.5576
3.5593
3.5627
3.5611
3.5607
3.5608
3.5613
3.5600
3.5623
3.5615
3.5609
3.5601
3.5613
3.5587
3.5595
3.5604
3.5615
3.5613
3.5613
3.5608
3.5601
3.5591
3.5603
3.5599
3.5590
3.5595
3.5604
3.5601
3.5614
3.5609
3.5613
3.5601
3.5601
3.5602
3.5585
3.5609
3.5611
3.5613
3.5611
3.5598
3.5599
3.5620
3.5603
3.5604
3.5623
3.5616
3.5611
3.5611
3.5608
3.5602
3.5600
3.5600
3.5598
3.5590
3.5565
3.5607
3.5601
3.5624
3.5621
3.5616
3.5615
3.5598
3.5612
3.5608
3.5609
3.5611
3.5607
3.5606
3.5623
3.5613
3.5601
3.5603
3.5608
3.5617
3.5604
3.5607
3.5598
3.5603
3.5607
3.5575
3.5588
3.5603
3.5604
3.5596
3.5604
3.5602
3.5609
3.5629
3.5598
3.5613
3.5600
3.5615
3.5595
3.5604
3.5613
3.5614
3.5610
3.5565
3.5588
3.5605
3.5601
3.5603
3.5599
3.5618
3.5603
3.5622
3.5616
3.5599
3.5624
3.5626
3.5619
3.5598
3.5617
3.5623
3.5598
3.5594
3.5610
3.5618
3.5606
3.5606
3.5615
3.5617
3.5614
3.5597
3.5592
3.5620
3.5597
3.5613
3.5613
3.5621
3.5618
3.5614
3.5609
3.5610
3.5611
3.5621
3.5609
3.5616
3.5615
3.5607
3.5623
3.5614
3.5618
3.5626
3.5618
3.5604
3.5594
3.5624
3.5622
3.5633
3.5626
3.5624
3.5618
3.5580
3.5612
3.5602
3.5591
3.5607
3.5587
3.5581
3.5614
3.5626
3.5608
3.5609
3.5590
3.5610
3.5591
3.5598
3.5615
3.5618
3.5609
3.5607
3.5616
3.5614
3.5616
3.5616
3.5616
3.5616
3.5621
3.5612
3.5620
3.5583
3.5604
3.5603
3.5610
3.5614
3.5616
3.5621
3.5607
3.5603
3.5609
3.5618
3.5632
3.5622
3.5587
3.5610
3.5596
3.5606
3.5623
3.5625
3.5604
3.5613
3.5609
3.5601
3.5600
3.5598
3.5613
3.5611
3.5618
3.5613
3.5607
3.5618
3.5615
3.5609
3.5627
3.5618
3.5615
3.5612
3.5610
3.5605
3.5609
3.5600
3.5604
3.5603
3.5598
3.5620
3.5622
3.5607
3.5620
3.5608
3.5607
3.5603
3.5617
3.5616
3.5622
3.5608
3.5623
3.5626
3.5603
3.5622
3.5615
3.5617
3.5616
3.5617
3.5627
3.5626
3.5604
3.5600
3.5607
3.5583
3.5621
3.5631
3.5609
3.5621
3.5604
3.5620
3.5627
3.5619
3.5619
3.5615
3.5596
3.5597
3.5610
3.5603
3.5622
3.5618
3.5618
3.5617
3.5608
3.5614
3.5590
3.5596
3.5615
3.5609
3.5617
3.5622
3.5611
3.5601
3.5626
3.5623
3.5612
3.5623
3.5622
3.5620
3.5620
3.5621
3.5620
3.5620
3.5612
3.5584
3.5607
3.5586
3.5615
3.5596
3.5607
3.5634
3.5620
3.5601
3.5621
3.5609
3.5617
3.5612
3.5617
3.5588
3.5606
3.5597
3.5600
3.5606
3.5613
3.5618
3.5620
3.5619
3.5615
3.5616
3.5612
3.5612
3.5606
3.5600
3.5610
3.5603
3.5604
3.5598
3.5610
3.5607
3.5623
3.5603
3.5606
3.5617
3.5610
3.5623
3.5623
3.5613
3.5608
3.5607
3.5616
3.5601
3.5612
3.5615
3.5624
3.5618
3.5612
3.5609
3.5622
3.5629
3.5616
3.5618
3.5620
3.5618
3.5618
3.5616
3.5608
3.5617
3.5621
3.5624
3.5613
3.5604
3.5585
3.5616
3.5615
3.5604
3.5604
3.5596
3.5608
3.5628
3.5614
3.5612
3.5620
3.5627
3.5596
3.5623
3.5621
3.5603
3.5598
3.5610
3.5596
3.5616
3.5610
3.5613
3.5622
3.5627
3.5634
3.5625
3.5631
3.5628
3.5604
3.5610
3.5612
3.5596
3.5601
3.5632
3.5607
3.5611
3.5610
3.5603
3.5587
3.5605
3.5627
3.5627
3.5608
3.5579
3.5617
3.5610
3.5615
3.5620
3.5608
3.5629
3.5629
3.5620
3.5596
3.5608
3.5613
3.5614
3.5611
3.5629
3.5611
3.5609
3.5613
3.5612
3.5604
3.5615
3.5611
3.5611
3.5590
3.5618
3.5618
3.5613
3.5602
3.5612
3.5615
3.5616
3.5610
3.5630
3.5626
3.5614
3.5627
3.5626
3.5618
3.5614
3.5609
3.5613
3.5612
3.5591
3.5620
3.5610
3.5617
3.5572
3.5604
3.5607
3.5616
3.5621
3.5583
3.5616
3.5609
3.5606
3.5600
3.5607
3.5584
3.5625
3.5619
3.5632
3.5595
3.5612
3.5631
3.5615
3.5637
3.5623
3.5627
3.5613
3.5623
3.5610
3.5616
3.5615
3.5596
3.5607
3.5613
3.5621
3.5623
3.5625
3.5629
3.5600
3.5620
3.5613
3.5618
3.5599
3.5607
3.5608
3.5626
3.5626
3.5621
3.5616
3.5613
3.5611
3.5629
3.5619
3.5625
3.5632
3.5614
3.5629
3.5602
3.5603
3.5615
3.5610
3.5624
3.5615
3.5608
3.5608
3.5617
3.5626
3.5609
3.5603
3.5603
3.5632
3.5615
3.5615
3.5624
3.5618
3.5622
3.5616
3.5616
3.5602
3.5609
3.5615
3.5634
3.5616
3.5591
3.5609
3.5603
3.5622
3.5623
3.5626
3.5628
3.5629
3.5612
3.5619
3.5600
3.5607
3.5627
3.5629
3.5634
3.5620
3.5627
3.5633
3.5627
3.5599
3.5615
3.5631
3.5634
3.5606
3.5609
3.5623
3.5631
3.5609
3.5611
3.5609
3.5609
3.5603
3.5596
3.5616
3.5627
3.5602
3.5612
3.5601
3.5607
3.5607
3.5610
3.5629
3.5620
3.5609
3.5611
3.5589
3.5604
3.5632
3.5609
3.5605
3.5612
3.5612
3.5629
3.5613
3.5615
3.5629
3.5633
3.5627
3.5616
3.5601
3.5604
3.5609
3.5611
3.5630
3.5636
3.5590
3.5595
3.5621
3.5626
3.5625
3.5634
3.5604
3.5610
3.5621
3.5590
3.5629
3.5627
3.5632
3.5614
3.5619
3.5613
3.5609
3.5622
3.5623
3.5627
3.5597
3.5600
3.5602
3.5611
3.5618
3.5601
3.5620
3.5606
3.5613
3.5619
3.5620
3.5616
3.5622
3.5606
3.5613
3.5621
3.5628
3.5632
3.5625
3.5613
3.5624
3.5623
3.5629
3.5604
3.5624
3.5635
3.5610
3.5591
3.5602
3.5602
3.5605
3.5629
3.5622
3.5619
3.5614
3.5622
3.5603
3.5624
3.5616
3.5620
3.5615
3.5605
3.5612
3.5612
3.5610
3.5625
3.5618
3.5613
3.5596
3.5630
3.5623
3.5627
3.5610
3.5630
3.5623
3.5624
3.5624
3.5626
3.5624
3.5609
3.5612
3.5627
3.5627
3.5625
3.5623
3.5640
3.5637
3.5630
3.5630
3.5631
3.5610
3.5616
3.5620
3.5610
3.5611
3.5625
3.5615
3.5620
3.5610
3.5625
3.5622
3.5620
3.5635
3.5635
3.5623
3.5620
3.5610
3.5635
3.5637
3.5619
3.5643
3.5614
3.5616
3.5624
3.5621
3.5621
3.5618
3.5603
3.5624
3.5610
3.5610
3.5608
3.5609
3.5627
3.5624
3.5619
3.5602
3.5630
3.5620
3.5624
3.5615
3.5615
3.5613
3.5622
3.5619
3.5639
3.5633
3.5616
3.5596
3.5614
3.5622
3.5609
3.5608
3.5632
3.5629
3.5587
3.5614
3.5608
3.5635
3.5627
3.5620
3.5622
3.5620
3.5613
3.5616
3.5624
3.5616
3.5614
3.5634
3.5633
3.5618
3.5633
3.5619
3.5623
3.5621
3.5616
3.5621
3.5623
3.5619
3.5632
3.5618
3.5599
3.5620
3.5623
3.5618
3.5628
3.5622
3.5623
3.5624
3.5613
3.5609
3.5636
3.5642
3.5613
3.5618
3.5622
3.5619
3.5637
3.5626
3.5634
3.5631
3.5624
3.5631
3.5606
3.5605
3.5626
3.5610
3.5604
3.5624
3.5626
3.5606
3.5613
3.5613
3.5618
3.5623
3.5632
3.5631
3.5623
3.5637
3.5627
3.5607
3.5624
3.5601
3.5630
3.5616
3.5621
3.5634
3.5625
3.5619
3.5627
3.5631
3.5628
3.5618
3.5616
3.5616
3.5630
3.5624
3.5628
3.5615
3.5617
3.5623
3.5616
3.5624
3.5615
3.5631
3.5635
3.5628
3.5623
3.5620
3.5619
3.5617
3.5616
3.5630
3.5620
3.5609
3.5628
3.5613
3.5637
3.5626
3.5611
3.5607
3.5620
3.5597
3.5620
3.5630
3.5598
3.5633
3.5610
3.5620
3.5626
3.5627
3.5604
3.5620
3.5606
3.5621
3.5625
3.5616
3.5618
3.5627
3.5610
3.5630
3.5611
3.5637
3.5622
3.5607
3.5621
3.5613
3.5635
3.5627
3.5628
3.5623
3.5603
3.5626
3.5633
3.5626
3.5613
3.5629
3.5630
3.5630
3.5621
3.5575
3.5618
3.5631
3.5631
3.5615
3.5632
3.5636
3.5629
3.5632
3.5634
3.5613
3.5621
3.5613
3.5626
3.5614
3.5612
3.5604
3.5627
3.5629
3.5631
3.5615
3.5623
3.5622
3.5613
3.5626
3.5633
3.5623
3.5630
3.5633
3.5632
3.5630
3.5627
3.5613
3.5626
3.5632
3.5617
3.5614
3.5622
3.5620
3.5618
3.5634
3.5624
3.5638
3.5623
3.5623
3.5626
3.5627
3.5626
3.5624
3.5609
3.5632
3.5623
3.5620
3.5612
3.5625
3.5627
3.5626
3.5627
3.5618
3.5624
3.5628
3.5630
3.5626
3.5622
3.5635
3.5639
3.5651
3.5640
3.5633
3.5606
3.5616
3.5616
3.5602
3.5610
3.5635
3.5629
3.5628
3.5614
3.5632
3.5627
3.5613
3.5622
3.5627
3.5631
3.5602
3.5621
3.5631
3.5612
3.5624
3.5608
3.5630
3.5626
3.5629
3.5624
3.5624
3.5624
3.5633
3.5630
3.5630
3.5617
3.5616
3.5634
3.5617
3.5618
3.5625
3.5609
3.5623
3.5625
3.5632
3.5642
3.5640
3.5603
3.5616
3.5610
3.5626
3.5620
3.5629
3.5619
3.5623
3.5615
3.5620
3.5616
3.5623
3.5614
3.5617
3.5607
3.5627
3.5626
3.5626
3.5607
3.5640
3.5630
3.5630
3.5634
3.5628
3.5613
3.5639
3.5621
3.5634
3.5624
3.5623
3.5629
3.5625
3.5619
3.5616
3.5618
3.5628
3.5616
3.5648
3.5646
3.5619
3.5619
3.5632
3.5630
3.5630
3.5606
3.5631
3.5619
3.5630
3.5623
3.5623
3.5634
3.5630
3.5628
3.5629
3.5630
3.5641
3.5636
3.5622
3.5629
3.5624
3.5626
3.5629
3.5626
3.5623
3.5617
3.5589
3.5609
3.5633
3.5639
3.5635
3.5622
3.5624
3.5636
3.5638
3.5633
3.5634
3.5606
3.5620
3.5636
3.5632
3.5634
3.5635
3.5629
3.5627
3.5627
3.5628
3.5632
3.5635
3.5622
3.5623
3.5631
3.5635
3.5639
3.5641
3.5634
3.5616
3.5619
3.5626
3.5627
3.5638
3.5618
3.5643
3.5644
3.5599
3.5626
3.5633
3.5633
3.5629
3.5621
3.5616
3.5635
3.5613
3.5615
3.5634
3.5615
3.5627
3.5635
3.5633
3.5639
3.5619
3.5646
3.5612
3.5640
3.5637
3.5624
3.5609
3.5629
3.5637
3.5626
3.5627
3.5618
3.5634
3.5626
3.5647
3.5636
3.5630
3.5622
3.5622
3.5623
3.5649
3.5623
3.5640
3.5626
3.5630
3.5617
3.5630
3.5616
3.5642
3.5620
3.5641
3.5645
3.5611
3.5609
3.5613
3.5620
3.5632
3.5619
3.5617
3.5620
3.5632
3.5625
3.5618
3.5646
3.5621
3.5632
3.5623
3.5629
3.5633
3.5620
3.5642
3.5604
3.5633
3.5630
3.5629
3.5625
3.5625
3.5616
3.5627
3.5597
3.5623
3.5634
3.5633
3.5614
3.5620
3.5626
3.5645
3.5640
3.5627
3.5620
3.5621
3.5627
3.5642
3.5627
3.5609
3.5615
3.5619
3.5636
3.5638
3.5604
3.5623
3.5622
3.5637
3.5628
3.5606
3.5637
3.5653
3.5630
3.5629
3.5630
3.5633
3.5626
3.5636
3.5622
3.5635
3.5621
3.5640
3.5619
3.5623
3.5637
3.5630
3.5621
3.5616
3.5616
3.5627
3.5624
3.5637
3.5628
3.5609
3.5616
3.5629
3.5631
3.5629
3.5630
3.5642
3.5638
3.5637
3.5630
3.5634
3.5639
3.5639
3.5635
3.5628
3.5627
3.5634
3.5641
3.5631
3.5613
3.5630
3.5621
3.5627
3.5632
3.5632
3.5616
3.5635
3.5635
3.5638
3.5643
3.5644
3.5644
3.5644
3.5608
3.5612
3.5637
3.5630
3.5629
3.5640
3.5613
3.5637
3.5604
3.5635
3.5621
3.5626
3.5626
3.5623
3.5624
3.5616
3.5634
3.5631
3.5631
3.5628
3.5612
3.5619
3.5613
3.5623
3.5642
3.5641
3.5612
3.5613
3.5609
3.5637
3.5626
3.5617
3.5627
3.5629
3.5621
3.5619
3.5630
3.5632
3.5644
3.5637
3.5624
3.5625
3.5617
3.5624
3.5624
3.5625
3.5618
3.5646
3.5630
3.5633
3.5637
3.5628
3.5629
3.5618
3.5626
3.5637
3.5613
3.5620
3.5634
3.5641
3.5632
3.5617
3.5635
3.5639
3.5628
3.5627
3.5626
3.5628
3.5630
3.5611
3.5626
3.5637
3.5641
3.5618
3.5637
3.5638
3.5636
3.5634
3.5632
3.5624
3.5627
3.5619
3.5629
3.5620
3.5626
3.5635
3.5629
3.5634
3.5646
3.5651
3.5633
3.5630
3.5633
3.5641
3.5610
3.5625
3.5623
3.5623
3.5637
3.5642
3.5644
3.5627
3.5635
3.5632
3.5629
3.5630
3.5632
3.5626
3.5626
3.5643
3.5636
3.5623
3.5630
3.5631
3.5648
3.5620
3.5628
3.5620
3.5627
3.5627
3.5615
3.5623
3.5643
3.5644
3.5620
3.5631
3.5623
3.5630
3.5651
3.5621
3.5634
3.5631
3.5624
3.5633
3.5613
3.5631
3.5626
3.5632
3.5635
3.5630
3.5629
3.5640
3.5643
3.5618
3.5623
3.5623
3.5630
3.5638
3.5636
3.5644
3.5630
3.5619
3.5627
3.5629
3.5611
3.5619
3.5616
